3 3 4 1 1 
3 0 5 1 2 
3 3 1 5 3 
3 34 35 36 25 
3 41 42 43 28 
3 51 43 52 32 
3 43 51 41 33 
3 53 54 55 34 
3 54 59 60 36 
3 59 62 60 38 
3 53 63 59 39 
3 54 53 59 40 
3 59 63 64 41 
3 64 62 59 42 
3 64 67 62 45 
3 94 95 96 70 
3 104 36 35 77 
3 105 104 35 78 
3 107 108 109 81 
3 111 107 109 83 
3 109 113 114 85 
3 138 139 140 106 
3 141 140 139 107 
3 144 141 139 109 
3 145 140 141 110 
3 146 147 148 111 
3 150 151 148 114 
3 158 145 150 117 
3 2 168 169 132 
3 1 4 168 134 
3 2 1 168 135 
3 173 174 175 138 
3 176 169 168 139 
3 168 177 176 140 
3 178 176 177 141 
3 179 178 177 142 
3 174 173 180 143 
3 174 180 181 144 
3 187 173 175 147 
3 187 189 190 149 
3 190 173 187 150 
3 190 180 173 151 
3 190 109 108 152 
3 67 191 62 153 
3 192 62 191 154 
3 202 191 67 159 
3 191 207 192 162 
3 224 225 226 184 
3 231 226 225 188 
3 232 237 230 194 
3 232 233 255 211 
3 256 237 232 212 
3 256 232 255 214 
3 260 233 261 219 
3 262 263 260 221 
3 262 260 264 222 
3 233 260 255 223 
3 260 263 255 224 
3 256 255 263 225 
3 205 265 213 226 
3 190 113 109 228 
3 181 180 190 232 
3 190 108 181 233 
3 275 276 277 243 
3 279 280 277 245 
3 280 275 277 247 
3 285 286 287 253 
3 145 295 151 262 
3 140 145 158 263 
3 151 150 145 264 
3 36 104 158 265 
3 104 296 158 266 
3 158 150 36 267 
3 296 138 158 268 
3 140 158 138 269 
3 141 144 145 270 
3 297 295 298 271 
3 299 300 295 272 
3 299 295 144 273 
3 295 297 148 274 
3 295 148 151 275 
3 295 145 144 276 
3 301 302 303 277 
3 303 304 301 278 
3 305 302 301 279 
3 306 307 308 280 
3 307 301 304 281 
3 301 306 309 282 
3 304 308 307 283 
3 303 310 304 284 
3 304 310 311 285 
3 307 306 301 286 
3 303 302 312 287 
3 313 314 315 288 
3 314 316 315 289 
3 315 316 317 290 
3 316 318 317 291 
3 318 319 317 292 
3 277 276 342 316 
3 276 343 342 317 
3 345 346 347 320 
3 346 345 348 321 
3 276 345 349 322 
3 346 352 347 324 
3 349 352 353 325 
3 352 349 347 326 
3 280 348 345 327 
3 345 275 280 328 
3 345 347 349 329 
3 345 276 275 330 
3 379 380 381 368 
3 205 204 285 379 
3 205 285 389 380 
3 285 287 389 381 
3 205 389 265 383 
3 392 389 287 384 
3 287 394 392 387 
3 225 395 231 388 
3 207 400 401 393 
3 402 401 400 394 
3 207 403 400 395 
3 225 406 395 399 
3 420 421 405 438 
3 421 85 405 439 
3 421 422 85 440 
3 427 428 429 444 
3 441 429 442 461 
3 442 428 443 462 
3 442 444 441 463 
3 442 445 444 464 
3 442 443 445 465 
3 429 428 442 467 
3 441 444 447 468 
3 453 454 445 473 
3 441 447 455 474 
3 456 457 455 475 
3 460 461 457 477 
3 466 380 467 483 
3 470 471 467 485 
3 472 403 207 486 
3 473 403 472 487 
3 207 474 472 488 
3 263 262 475 489 
3 237 475 476 490 
3 476 475 477 491 
3 475 262 477 492 
3 475 237 256 493 
3 263 475 256 494 
3 229 237 478 495 
3 237 229 230 497 
3 229 481 479 499 
3 229 478 481 503 
3 237 476 483 504 
3 476 484 483 505 
3 483 478 237 506 
3 486 483 484 508 
3 487 51 488 509 
3 51 487 489 510 
3 476 491 484 514 
3 492 493 494 515 
3 511 512 513 549 
3 262 515 477 552 
3 517 491 518 554 
3 519 520 521 556 
3 515 517 518 557 
3 518 476 477 558 
3 477 515 518 559 
3 520 519 522 560 
3 467 380 523 561 
3 523 470 467 563 
3 527 343 276 565 
3 343 528 529 566 
3 529 342 343 567 
3 379 523 380 568 
3 523 379 530 569 
3 549 550 551 591 
3 552 553 554 592 
3 553 549 555 593 
3 553 556 549 594 
3 455 447 456 595 
3 557 558 553 596 
3 556 553 558 597 
3 552 557 553 598 
3 456 460 457 599 
3 447 559 560 600 
3 561 460 560 601 
3 460 456 560 602 
3 562 563 564 603 
3 560 456 447 604 
3 564 563 558 605 
3 445 454 444 606 
3 564 558 557 607 
3 563 562 565 608 
3 566 556 558 609 
3 563 566 558 610 
3 570 571 566 614 
3 566 563 565 617 
3 454 574 575 618 
3 453 574 454 619 
3 581 582 578 623 
3 578 583 581 625 
3 581 551 550 627 
3 493 581 583 628 
3 493 551 581 629 
3 575 585 586 630 
3 583 494 493 631 
3 575 574 585 632 
3 585 574 453 633 
3 587 494 583 634 
3 578 587 583 635 
3 592 593 420 644 
3 420 405 592 645 
3 603 604 605 676 
3 521 606 519 677 
3 606 521 607 678 
3 343 606 528 679 
3 343 527 606 680 
3 608 519 606 681 
3 608 609 519 682 
3 610 522 519 683 
3 609 610 519 684 
3 549 556 614 691 
3 614 550 549 692 
3 610 609 615 693 
3 608 615 609 694 
3 353 615 608 695 
3 608 349 353 696 
3 608 606 527 697 
3 527 349 608 698 
3 527 276 349 699 
3 625 626 627 715 
3 629 627 626 717 
3 632 633 634 719 
3 634 636 632 723 
3 633 632 637 724 
3 556 566 571 728 
3 559 444 454 734 
3 570 645 571 736 
3 560 559 646 738 
3 570 647 648 739 
3 559 447 444 740 
3 645 570 649 741 
3 454 575 559 742 
3 646 561 560 743 
3 614 650 550 744 
3 653 654 648 747 
3 655 561 646 748 
3 565 647 566 749 
3 571 645 556 750 
3 556 645 614 752 
3 657 179 177 753 
3 645 649 614 755 
3 168 657 177 756 
3 658 655 646 757 
3 566 647 570 758 
3 649 570 654 759 
3 659 559 575 760 
3 648 654 570 761 
3 660 654 653 762 
3 646 659 658 763 
3 551 555 549 766 
3 664 555 493 768 
3 665 512 666 769 
3 551 493 555 770 
3 667 666 517 772 
3 668 582 581 773 
3 667 517 515 774 
3 669 670 671 775 
3 515 671 670 776 
3 670 667 515 777 
3 670 669 667 778 
3 667 669 675 780 
3 476 518 491 788 
3 517 666 491 789 
3 683 484 491 790 
3 491 684 683 791 
3 512 511 491 794 
3 491 666 512 795 
3 685 511 686 796 
3 686 511 513 797 
3 513 687 686 798 
3 668 699 680 811 
3 668 700 699 813 
3 553 555 664 828 
3 625 637 632 833 
3 625 627 637 835 
3 553 664 722 843 
3 633 637 727 850 
3 168 4 731 855 
3 627 733 637 857 
3 734 733 627 858 
3 735 736 733 859 
3 733 727 637 862 
3 740 731 741 863 
3 735 733 734 864 
3 742 743 735 865 
3 733 736 744 867 
3 727 733 744 869 
3 745 744 736 871 
3 731 657 168 872 
3 592 599 746 873 
3 604 747 748 874 
3 658 659 750 876 
3 658 752 753 878 
3 646 559 659 879 
3 754 633 755 881 
3 748 758 604 883 
3 759 758 760 885 
3 759 605 758 887 
3 746 759 760 890 
3 604 758 605 891 
3 599 605 759 892 
3 746 599 759 893 
3 634 633 754 895 
3 754 762 634 897 
3 760 758 748 900 
3 655 658 753 914 
3 175 762 187 915 
3 762 754 770 916 
3 727 755 633 917 
3 771 461 772 921 
3 493 492 722 924 
3 493 722 664 925 
3 771 772 774 926 
3 774 772 775 927 
3 755 727 777 929 
3 727 744 777 931 
3 775 772 783 934 
3 772 460 783 936 
3 772 461 460 937 
3 788 789 777 943 
3 790 755 789 946 
3 783 792 775 949 
3 460 561 783 954 
3 760 593 592 960 
3 760 592 746 962 
3 405 599 592 964 
3 811 748 812 1002 
3 760 748 813 1004 
3 748 811 813 1006 
3 814 813 811 1007 
3 816 817 812 1010 
3 813 814 818 1011 
3 814 811 812 1012 
3 731 4 741 1018 
3 481 822 479 1022 
3 603 822 604 1023 
3 823 822 481 1026 
3 604 822 823 1029 
3 478 824 481 1031 
3 478 483 824 1032 
3 824 483 486 1033 
3 825 826 827 1034 
3 812 748 816 1035 
3 816 748 747 1036 
3 481 824 823 1037 
3 747 604 828 1038 
3 816 747 828 1039 
3 828 829 816 1040 
3 830 829 828 1041 
3 831 381 657 1042 
3 831 657 832 1043 
3 830 828 486 1044 
3 823 828 604 1045 
3 486 828 824 1046 
3 828 823 824 1047 
3 657 731 832 1048 
3 486 683 830 1049 
3 486 484 683 1050 
3 830 683 829 1051 
3 683 816 829 1052 
3 741 4 740 1053 
3 833 834 835 1054 
3 774 836 835 1055 
3 837 833 838 1056 
3 833 835 838 1057 
3 836 774 775 1058 
3 792 839 775 1059 
3 839 836 775 1060 
3 844 783 561 1065 
3 561 655 844 1066 
3 844 792 783 1067 
3 848 849 850 1073 
3 849 854 839 1075 
3 854 849 848 1076 
3 792 849 839 1077 
3 849 844 850 1078 
3 849 792 844 1079 
3 850 844 655 1080 
3 836 858 835 1082 
3 836 859 858 1083 
3 858 838 835 1084 
3 755 777 789 1085 
3 860 789 788 1086 
3 754 790 770 1088 
3 754 755 790 1089 
3 839 859 836 1090 
3 859 838 858 1092 
3 789 860 790 1096 
3 865 866 826 1100 
3 868 854 869 1108 
3 785 744 745 1112 
3 521 520 607 1113 
3 864 859 871 1116 
3 520 522 872 1117 
3 859 839 854 1118 
3 872 873 520 1119 
3 859 864 838 1120 
3 868 859 854 1122 
3 585 319 318 1125 
3 877 831 740 1126 
3 873 626 520 1133 
3 873 629 626 1135 
3 626 607 520 1136 
3 575 586 885 1138 
3 885 659 575 1140 
3 887 610 888 1142 
3 872 887 889 1143 
3 610 615 888 1144 
3 872 610 887 1147 
3 522 610 872 1150 
3 873 872 896 1153 
3 898 889 899 1157 
3 899 887 888 1158 
3 899 889 887 1159 
3 896 889 898 1160 
3 896 872 889 1161 
3 909 683 685 1175 
3 909 910 817 1176 
3 685 683 684 1177 
3 817 816 683 1178 
3 911 873 896 1179 
3 909 817 683 1180 
3 912 911 896 1181 
3 629 873 911 1189 
3 911 917 629 1190 
3 742 734 629 1191 
3 629 734 627 1192 
3 831 832 740 1193 
3 832 731 740 1194 
3 918 740 4 1195 
3 923 924 865 1199 
3 734 742 735 1200 
3 742 917 925 1201 
3 925 743 742 1202 
3 917 742 629 1205 
3 925 917 929 1209 
3 930 931 929 1210 
3 911 912 930 1211 
3 930 917 911 1212 
3 929 917 930 1213 
3 931 925 929 1214 
3 932 931 930 1215 
3 933 934 931 1216 
3 935 934 933 1217 
3 935 933 936 1218 
3 936 898 899 1219 
3 937 936 938 1220 
3 932 930 912 1221 
3 933 931 932 1222 
3 896 898 932 1223 
3 912 896 932 1224 
3 898 936 932 1225 
3 932 936 933 1226 
3 956 957 958 1246 
3 958 957 959 1247 
3 956 866 957 1248 
3 700 960 699 1249 
3 866 956 961 1250 
3 562 958 959 1251 
3 962 826 825 1252 
3 965 960 966 1256 
3 865 957 866 1257 
3 964 967 968 1258 
3 967 964 965 1261 
3 959 565 562 1262 
3 562 564 958 1263 
3 700 966 960 1264 
3 564 969 958 1265 
3 970 966 700 1266 
3 958 969 956 1267 
3 961 826 866 1269 
3 964 699 965 1270 
3 972 973 974 1271 
3 699 960 965 1273 
3 968 976 964 1275 
3 977 973 972 1276 
3 979 972 980 1278 
3 654 993 970 1313 
3 700 995 970 1316 
3 660 966 993 1317 
3 491 511 684 1318 
3 995 668 996 1319 
3 970 993 966 1320 
3 910 812 817 1321 
3 910 814 812 1322 
3 997 814 910 1323 
3 998 967 966 1324 
3 966 967 965 1325 
3 998 966 660 1326 
3 970 614 649 1327 
3 581 550 996 1328 
3 550 650 996 1329 
3 996 668 581 1330 
3 999 909 685 1331 
3 700 668 995 1332 
3 660 1000 998 1333 
3 649 654 970 1334 
3 685 684 511 1335 
3 4 3 918 1336 
3 970 995 996 1337 
3 686 1001 685 1338 
3 970 650 614 1339 
3 650 970 996 1340 
3 740 918 1002 1341 
3 740 1007 1008 1347 
3 877 740 1008 1350 
3 1002 918 3 1352 
3 1007 740 1002 1355 
3 1014 1015 994 1357 
3 1002 3 1007 1359 
3 1017 1018 1019 1361 
3 686 1020 1001 1362 
3 999 1001 1022 1364 
3 1001 1023 1022 1365 
3 999 910 909 1366 
3 999 685 1001 1368 
3 660 993 654 1369 
3 1022 997 910 1370 
3 1022 910 999 1371 
3 1025 422 421 1372 
3 1026 1025 593 1373 
3 421 420 593 1374 
3 593 1025 421 1375 
3 287 286 394 1377 
3 1031 923 962 1381 
3 962 1032 1031 1382 
3 1025 86 422 1384 
3 1033 394 1034 1386 
3 394 1035 1034 1387 
3 394 286 1039 1392 
3 394 1033 392 1393 
3 1025 1039 286 1394 
3 750 659 885 1407 
3 750 752 658 1408 
3 1046 752 750 1409 
3 1046 1054 1055 1437 
3 1046 885 1056 1438 
3 1057 1058 1059 1439 
3 885 1046 750 1440 
3 1058 1060 1061 1441 
3 1063 1046 1056 1443 
3 1064 1065 1066 1444 
3 1059 1067 1057 1445 
3 1063 1056 1068 1446 
3 1069 1057 1067 1447 
3 187 1067 1059 1448 
3 770 1069 1067 1449 
3 1068 1070 1063 1450 
3 1060 1058 1057 1451 
3 1071 1072 1069 1452 
3 1064 1077 114 1457 
3 113 1064 114 1458 
3 1070 1078 1063 1459 
3 1078 1054 1063 1460 
3 1035 394 1039 1465 
3 1025 286 86 1466 
3 865 962 923 1467 
3 923 1031 1081 1468 
3 826 962 865 1469 
3 1026 1082 1083 1470 
3 1084 813 818 1471 
3 1084 760 813 1472 
3 3 1085 1007 1473 
3 1026 1084 818 1474 
3 1039 1083 1035 1475 
3 1083 1025 1026 1476 
3 760 1084 593 1480 
3 1026 593 1084 1481 
3 818 1082 1026 1483 
3 1039 1025 1083 1485 
3 657 380 179 1506 
3 831 530 381 1510 
3 1096 1015 1110 1524 
3 1003 1019 1018 1531 
3 113 1065 1064 1536 
3 1115 1116 1081 1537 
3 1117 1118 1119 1538 
3 1116 973 1081 1539 
3 1116 974 973 1540 
3 1065 113 1120 1541 
3 1121 1122 1120 1542 
3 113 1121 1120 1543 
3 1122 1059 1058 1545 
3 189 1059 1122 1548 
3 1122 190 189 1550 
3 189 187 1059 1551 
3 1031 1032 1081 1552 
3 977 1081 973 1553 
3 113 190 1121 1554 
3 1110 1126 1096 1556 
3 1121 190 1122 1557 
3 1120 1122 1058 1560 
3 1128 1120 1058 1561 
3 1130 1131 1117 1563 
3 1118 1117 1132 1564 
3 1132 1003 1118 1565 
3 1003 1119 1118 1566 
3 530 379 381 1567 
3 657 381 380 1568 
3 1003 1132 1019 1570 
3 530 877 1134 1575 
3 977 923 1081 1577 
3 667 675 1138 1579 
3 877 530 831 1580 
3 1134 471 470 1583 
3 1134 470 530 1584 
3 666 667 1138 1585 
3 470 523 530 1586 
3 1140 513 665 1587 
3 666 1138 665 1588 
3 3 1141 1085 1589 
3 1007 1085 1008 1590 
3 665 513 512 1592 
3 1008 1085 1143 1596 
3 1117 1131 1144 1599 
3 1008 1143 1145 1601 
3 1008 1145 877 1602 
3 1146 1147 1138 1604 
3 665 1138 1147 1605 
3 665 1147 1140 1607 
3 1146 1144 1147 1608 
3 1131 1147 1144 1610 
3 1146 1138 675 1615 
3 1132 1117 1155 1619 
3 660 653 1156 1620 
3 1146 1155 1117 1621 
3 1144 1146 1117 1622 
3 1020 686 687 1625 
3 980 972 974 1638 
3 464 964 976 1639 
3 1168 465 976 1640 
3 1117 1119 1130 1641 
3 1134 877 1145 1642 
3 613 465 1169 1643 
3 1170 1130 1119 1644 
3 1169 1171 613 1645 
3 1145 1172 1134 1646 
3 465 1168 1169 1647 
3 1131 1173 1174 1648 
3 976 465 464 1649 
3 1147 1131 1174 1650 
3 1141 1175 1143 1652 
3 1130 1173 1131 1653 
3 1147 1174 1140 1654 
3 976 968 1168 1655 
3 513 1140 687 1656 
3 1168 968 1176 1657 
3 968 967 1176 1658 
3 1177 687 1140 1659 
3 998 1176 967 1660 
3 1168 1176 1169 1661 
3 1022 1023 997 1662 
3 1169 1176 1178 1663 
3 1179 997 1023 1664 
3 1179 814 997 1665 
3 1180 998 1181 1666 
3 1182 998 1180 1667 
3 1183 1175 1184 1668 
3 1180 1185 1182 1669 
3 1186 1185 1187 1670 
3 1143 1183 1145 1671 
3 1188 1179 1023 1672 
3 1185 1178 1182 1673 
3 818 1188 1082 1674 
3 818 1179 1188 1675 
3 1145 1183 1184 1676 
3 1176 998 1182 1677 
3 1189 1082 1188 1678 
3 1172 1145 1184 1679 
3 1082 1035 1083 1680 
3 1175 467 1184 1681 
3 1034 1035 1082 1682 
3 1185 1186 1178 1683 
3 1082 1189 1034 1684 
3 1172 1184 467 1685 
3 818 814 1179 1686 
3 471 1172 467 1687 
3 1190 1178 1186 1688 
3 471 1134 1172 1689 
3 1190 1169 1178 1690 
3 1178 1176 1182 1691 
3 1190 1171 1169 1692 
3 1065 1191 1192 1694 
3 1193 1194 266 1695 
3 1195 1196 1197 1696 
3 1065 1120 1191 1697 
3 200 266 1194 1698 
3 1120 1128 1191 1699 
3 1191 1198 1192 1700 
3 1199 1198 1191 1701 
3 1200 467 1201 1702 
3 1197 1202 1194 1703 
3 1193 1197 1194 1704 
3 1058 1061 1203 1705 
3 1203 1128 1058 1706 
3 1197 1196 1204 1707 
3 266 213 265 1708 
3 1201 1205 1206 1711 
3 1195 266 265 1713 
3 1193 1195 1197 1714 
3 1196 1195 1207 1715 
3 1208 1207 1195 1716 
3 298 1070 1068 1717 
3 1209 1078 1070 1718 
3 1199 1191 1128 1724 
3 1128 1203 1199 1726 
3 265 1208 1195 1727 
3 1195 1193 266 1728 
3 1046 1063 1054 1733 
3 1203 1220 1199 1734 
3 1055 1078 1221 1735 
3 1221 1078 1224 1740 
3 1055 1054 1078 1741 
3 655 753 850 1750 
3 1233 854 848 1751 
3 1234 979 980 1752 
3 1235 979 1234 1753 
3 1235 1234 1236 1754 
3 1240 1241 1242 1763 
3 1242 980 1240 1769 
3 1234 980 1236 1770 
3 1236 980 1242 1771 
3 1247 1236 1242 1772 
3 1247 96 95 1774 
3 55 1247 53 1777 
3 95 53 1247 1778 
3 96 1247 1242 1779 
3 1235 1247 55 1780 
3 1247 1235 1236 1784 
3 1254 1255 1256 1787 
3 1204 1196 1207 1788 
3 1257 860 788 1792 
3 1258 860 1257 1793 
3 860 770 790 1794 
3 1255 1259 1260 1795 
3 1259 1255 1254 1796 
3 1259 1254 1261 1797 
3 1207 1254 1256 1798 
3 1254 1262 1261 1799 
3 860 1069 770 1800 
3 1257 1263 1264 1802 
3 1257 1264 1258 1803 
3 1265 1264 1263 1804 
3 1262 1254 1208 1809 
3 1207 1208 1254 1810 
3 1270 265 1271 1811 
3 1275 1271 389 1813 
3 1270 1271 1275 1816 
3 389 1271 265 1817 
3 1276 1270 1275 1818 
3 1276 1208 1270 1819 
3 1208 265 1270 1820 
3 1280 1208 1276 1824 
3 1282 1260 1259 1826 
3 1282 1283 1260 1827 
3 1071 1069 860 1846 
3 860 1258 1071 1848 
3 1294 611 1295 1850 
3 1302 1060 1057 1866 
3 1302 1057 1069 1869 
3 1171 1299 613 1872 
3 1174 1177 1140 1873 
3 1304 687 1177 1875 
3 1309 1110 1015 1883 
3 1069 1072 1302 1892 
3 1315 1072 1071 1893 
3 1315 1302 1072 1894 
3 1316 1302 1315 1895 
3 1061 1060 1325 1908 
3 1326 1325 1060 1911 
3 1325 1220 1061 1912 
3 1060 1302 1326 1914 
3 1327 1326 1316 1915 
3 1302 1316 1326 1917 
3 1315 1327 1316 1918 
3 1329 1299 1190 1919 
3 1171 1190 1299 1920 
3 1258 1315 1071 1921 
3 1187 1330 1190 1922 
3 1187 1190 1186 1924 
3 1258 1327 1315 1925 
3 1282 1280 1334 1930 
3 1280 1337 1334 1935 
3 1337 1280 1276 1937 
3 1259 1261 1282 1942 
3 1283 1339 1340 1944 
3 1339 1283 1282 1946 
3 1339 1282 1334 1947 
3 1282 1261 1262 1948 
3 1280 1282 1262 1950 
3 1262 1208 1280 1951 
3 1264 1327 1258 1962 
3 869 854 1233 1975 
3 868 1354 871 1980 
3 869 1354 868 1983 
3 868 871 859 1993 
3 1377 1378 1379 2013 
3 1382 1380 1371 2015 
3 1377 1383 1384 2016 
3 1265 1385 1327 2017 
3 1265 1386 1385 2018 
3 1264 1265 1327 2019 
3 1387 1377 1388 2020 
3 1387 1383 1377 2021 
3 1190 1330 1329 2022 
3 1370 1299 1329 2024 
3 1221 1389 1390 2025 
3 1330 1382 1370 2028 
3 1329 1330 1370 2030 
3 1330 1187 1392 2032 
3 1330 1396 1382 2034 
3 1396 1380 1382 2035 
3 1400 1381 1401 2039 
3 1381 1380 1396 2041 
3 1221 1390 1387 2047 
3 1404 1405 1406 2048 
3 1390 1407 1387 2049 
3 1387 1407 1383 2050 
3 1407 1384 1383 2051 
3 1396 1405 1404 2053 
3 1405 1396 1409 2054 
3 1401 1396 1404 2055 
3 1330 1410 1396 2056 
3 1370 1382 1371 2058 
3 1354 869 1412 2059 
3 1381 1396 1401 2060 
3 869 1413 1412 2061 
3 1416 1199 1417 2066 
3 1418 1180 1419 2068 
3 1377 1384 1413 2071 
3 1198 1199 1416 2072 
3 1418 1185 1180 2073 
3 1413 1421 1377 2074 
3 1413 869 1421 2075 
3 1419 1180 1181 2076 
3 1420 1422 1423 2077 
3 1412 1413 1422 2079 
3 998 1000 1181 2081 
3 1413 1423 1422 2082 
3 1418 1419 1424 2085 
3 1419 1425 1426 2087 
3 1412 1422 1420 2089 
3 1000 1425 1419 2091 
3 1419 1181 1000 2093 
3 1384 1423 1413 2095 
3 1419 1426 1424 2097 
3 1427 1425 1000 2098 
3 1000 660 1156 2102 
3 1420 1368 1412 2105 
3 138 1435 139 2110 
3 1425 1436 1426 2111 
3 1427 1000 1156 2112 
3 1427 1156 1437 2113 
3 1436 1425 1427 2114 
3 1416 1417 1442 2124 
3 1447 1442 1417 2130 
3 3 5 1141 2145 
3 1141 1458 1175 2146 
3 1085 1141 1143 2148 
3 1458 1201 467 2149 
3 467 1175 1458 2150 
3 1183 1143 1175 2151 
3 1201 1458 1205 2154 
3 298 300 1460 2156 
3 1460 1070 298 2157 
3 1461 1462 1458 2158 
3 1462 224 1205 2160 
3 1462 1461 224 2161 
3 1205 1458 1462 2163 
3 299 1471 1460 2173 
3 299 1472 1471 2174 
3 1460 300 299 2175 
3 1209 1070 1460 2176 
3 1472 299 139 2177 
3 298 295 300 2179 
3 1460 1471 1209 2181 
3 144 139 299 2182 
3 1472 1486 1471 2195 
3 1472 139 1486 2196 
3 139 1435 1486 2197 
3 1486 1487 1471 2198 
3 1488 1471 1487 2199 
3 1486 1489 1490 2203 
3 1224 1078 1209 2218 
3 1221 1495 1389 2220 
3 1221 1224 1495 2221 
3 1487 1497 1488 2223 
3 1495 1224 1488 2225 
3 1209 1488 1224 2226 
3 1209 1471 1488 2227 
3 1490 1487 1486 2228 
3 1497 1495 1488 2230 
3 1503 1487 1504 2231 
3 1490 1504 1487 2232 
3 1503 1497 1487 2234 
3 1513 1119 1126 2249 
3 1119 1513 1517 2253 
3 1518 1517 1513 2254 
3 1126 1119 1003 2258 
3 1520 1110 1309 2260 
3 1520 1309 1014 2265 
3 1524 1513 1525 2273 
3 1525 1110 1520 2280 
3 1513 1126 1525 2282 
3 1110 1525 1126 2283 
3 224 1461 225 2284 
3 1141 1530 1461 2285 
3 1531 1532 1533 2286 
3 1141 1461 1458 2287 
3 1447 1531 1533 2288 
3 1534 1518 1513 2289 
3 1533 1442 1447 2290 
3 1170 1119 1517 2291 
3 1014 1542 1520 2298 
3 1447 1544 1531 2303 
3 1524 1520 1542 2305 
3 1524 1525 1520 2314 
3 1549 1513 1524 2323 
3 1061 1220 1203 2324 
3 1549 1524 1542 2325 
3 1552 1553 1554 2330 
3 1553 1552 1555 2333 
3 1556 1552 1557 2335 
3 1283 1572 1260 2351 
3 1255 1260 1572 2352 
3 1572 1575 1255 2356 
3 1575 1576 1577 2357 
3 1577 1578 1575 2358 
3 1577 1579 1578 2360 
3 1575 1572 1576 2363 
3 1517 1586 1170 2378 
3 1586 1517 1518 2380 
3 1518 1588 1586 2382 
3 1579 1591 1578 2385 
3 1591 1592 1593 2387 
3 1591 1596 1578 2390 
3 1593 1596 1591 2393 
3 1424 1605 1418 2417 
3 1606 1605 1424 2419 
3 1614 1615 1616 2434 
3 1392 1187 1605 2497 
3 1605 1645 1392 2501 
3 1185 1605 1187 2505 
3 1606 1645 1605 2507 
3 1185 1418 1605 2508 
3 1648 1406 1649 2509 
3 1645 1651 1652 2511 
3 1410 1652 1409 2512 
3 1409 1653 1405 2513 
3 1406 1405 1653 2514 
3 1653 1649 1406 2516 
3 1396 1410 1409 2518 
3 1392 1410 1330 2520 
3 1392 1645 1652 2522 
3 1410 1392 1652 2527 
3 1652 1653 1409 2529 
3 1654 1649 1652 2530 
3 1652 1649 1653 2531 
3 1424 1426 1606 2532 
3 1426 1655 1606 2533 
3 1645 1657 1651 2537 
3 1645 1606 1657 2539 
3 1655 1657 1606 2540 
3 1658 1659 1657 2542 
3 1660 1661 1662 2545 
3 1651 1660 1652 2546 
3 1651 1661 1660 2547 
3 1651 1659 1661 2548 
3 1666 1170 1586 2554 
3 1667 1668 1669 2555 
3 1588 1670 1586 2556 
3 1390 1389 1407 2568 
3 1389 1677 1407 2569 
3 1407 1423 1384 2573 
3 1423 1407 1679 2575 
3 1680 1503 1504 2576 
3 1497 1677 1389 2578 
3 1682 1677 1668 2579 
3 1680 1497 1503 2584 
3 1684 1668 1667 2586 
3 1680 1677 1497 2587 
3 1389 1495 1497 2588 
3 1680 1668 1677 2589 
3 1534 1588 1518 2590 
3 1682 1679 1677 2591 
3 1679 1407 1677 2592 
3 1513 1685 1534 2593 
3 1588 1534 1670 2596 
3 1534 1687 1688 2597 
3 1553 1447 1554 2598 
3 1417 1554 1447 2599 
3 1220 1557 1554 2600 
3 1554 1417 1199 2601 
3 1554 1557 1552 2602 
3 1199 1220 1554 2603 
3 1557 1220 1325 2604 
3 1685 1549 1689 2605 
3 1690 1616 1691 2606 
3 1513 1549 1685 2608 
3 1615 1691 1616 2609 
3 1691 1694 1690 2610 
3 1616 1690 1696 2612 
3 1696 1614 1616 2613 
3 1679 1682 1423 2615 
3 1668 1684 1682 2616 
3 1685 1701 1687 2620 
3 1702 1703 1704 2621 
3 1702 1705 1703 2622 
3 1714 1447 1553 2631 
3 1715 1716 1615 2632 
3 1691 1716 1702 2633 
3 1716 1705 1702 2634 
3 1691 1615 1716 2635 
3 1447 1719 1544 2637 
3 1723 1724 1703 2642 
3 1725 1723 1703 2645 
3 1704 1703 1724 2646 
3 1423 1682 1726 2647 
3 1423 1726 1420 2654 
3 1420 1726 1729 2655 
3 1731 1724 1732 2656 
3 1684 1730 1726 2657 
3 1684 1726 1682 2658 
3 1724 1723 1733 2660 
3 1733 1732 1724 2663 
3 1729 1726 1730 2665 
3 1680 1504 1669 2666 
3 1668 1680 1669 2667 
3 1734 1735 1736 2668 
3 1737 585 318 2669 
3 1736 1696 1734 2670 
3 318 316 1737 2671 
3 1696 1736 1614 2672 
3 316 1068 1737 2673 
3 1737 1068 1056 2674 
3 1614 1738 1739 2675 
3 1737 1056 885 2676 
3 1737 885 586 2677 
3 1737 586 585 2678 
3 1734 1740 1735 2679 
3 753 1741 1379 2680 
3 1736 1735 1738 2681 
3 752 1741 753 2682 
3 1387 1742 1221 2683 
3 1734 1743 1740 2684 
3 1742 1055 1221 2685 
3 1744 1742 1387 2686 
3 1055 1742 1744 2687 
3 1388 1744 1387 2688 
3 1741 752 1744 2689 
3 1046 1744 752 2690 
3 1735 1745 1738 2691 
3 1046 1055 1744 2692 
3 1379 850 753 2693 
3 1739 1746 1614 2694 
3 1378 1421 1233 2695 
3 1738 1614 1736 2696 
3 1377 1421 1378 2697 
3 869 1233 1421 2698 
3 1377 1379 1388 2699 
3 1379 1233 850 2700 
3 1741 1744 1379 2701 
3 1379 1378 1233 2702 
3 1744 1388 1379 2703 
3 848 850 1233 2705 
3 1748 1719 1749 2706 
3 1750 1751 226 2707 
3 1752 1719 1714 2708 
3 1719 1447 1714 2709 
3 1555 1714 1553 2711 
3 1555 1752 1714 2713 
3 1661 1757 1758 2715 
3 1661 1758 1662 2716 
3 1657 1659 1651 2718 
3 1659 1759 1661 2719 
3 959 957 1760 2722 
3 924 1760 957 2723 
3 959 1760 565 2726 
3 957 865 924 2729 
3 1592 1591 1764 2730 
3 924 1765 1760 2731 
3 647 1768 1769 2733 
3 1770 1771 1772 2735 
3 1701 1685 1689 2736 
3 1542 1771 1689 2738 
3 1549 1542 1689 2739 
3 1701 1689 1773 2741 
3 1774 1591 1775 2744 
3 1774 1764 1591 2746 
3 1591 1579 1775 2750 
3 1579 1577 1775 2751 
3 1780 1775 1577 2755 
3 1783 1784 1785 2759 
3 1572 1283 1786 2760 
3 1572 1787 1576 2761 
3 1544 1719 1788 2762 
3 1788 1719 1748 2763 
3 1544 1788 1789 2764 
3 1789 1788 1792 2768 
3 1783 1785 1792 2772 
3 1787 1797 1780 2777 
3 1787 1577 1576 2778 
3 1780 1577 1787 2779 
3 1534 1685 1687 2780 
3 1797 1787 1798 2781 
3 1688 1687 1799 2782 
3 1701 1799 1687 2783 
3 1688 1802 1803 2786 
3 1788 1748 1792 2791 
3 1803 1534 1688 2793 
3 1748 1749 1807 2795 
3 1808 1803 1809 2797 
3 1803 1802 1809 2798 
3 1810 1811 1807 2799 
3 1783 1748 1812 2800 
3 1783 1792 1748 2803 
3 1768 1760 1765 2804 
3 1816 653 648 2807 
3 1769 1817 1818 2810 
3 1816 648 1769 2816 
3 1765 1769 1768 2818 
3 1765 1817 1769 2819 
3 1817 1765 1820 2820 
3 648 647 1769 2822 
3 1821 1822 1823 2823 
3 1825 1822 1821 2825 
3 565 1768 647 2826 
3 565 1760 1768 2827 
3 1826 1825 1821 2828 
3 924 1820 1765 2830 
3 1826 1784 1825 2831 
3 1825 1748 1807 2832 
3 1784 1783 1825 2833 
3 1812 1748 1825 2834 
3 1828 1829 1830 2835 
3 1828 1831 1829 2836 
3 979 1828 972 2837 
3 1829 1831 1832 2838 
3 2 169 1833 2839 
3 1834 1833 169 2840 
3 977 1828 1835 2841 
3 977 972 1828 2842 
3 979 1832 1831 2843 
3 979 1831 1828 2844 
3 1769 1836 1816 2845 
3 1156 653 1816 2846 
3 1816 1437 1156 2847 
3 1837 1437 1816 2848 
3 1838 1787 1572 2849 
3 1786 1838 1572 2850 
3 1786 1839 1838 2853 
3 1798 1787 1838 2854 
3 1839 1786 1283 2859 
3 1848 1818 1817 2873 
3 1818 1848 1836 2874 
3 1769 1818 1836 2875 
3 1774 1775 1849 2876 
3 1849 1775 1797 2877 
3 1850 1774 1849 2878 
3 1775 1780 1797 2879 
3 1797 1798 1854 2882 
3 1854 1798 1838 2893 
3 1849 1859 1860 2894 
3 1849 1797 1859 2895 
3 1334 1337 1865 2898 
3 1276 1866 1337 2902 
3 1870 2 1871 2909 
3 1833 1871 2 2910 
3 1885 1886 492 2947 
3 1893 1894 1895 2953 
3 1896 1897 1898 2954 
3 1895 1900 1893 2956 
3 1893 1897 1896 2962 
3 1735 1740 1751 2963 
3 1893 1896 1894 2964 
3 1897 1901 1898 2965 
3 1913 1820 924 2978 
3 924 923 1913 2979 
3 1812 1825 1783 2980 
3 1914 1820 1913 2981 
3 1715 1915 1916 2982 
3 1915 1615 1614 2983 
3 1915 1715 1615 2984 
3 1716 1715 1916 2985 
3 1915 1614 1746 2986 
3 1746 1917 1915 2987 
3 1918 1919 1920 2988 
3 1921 1922 1920 2989 
3 1923 1918 1920 2990 
3 1924 1921 1919 2991 
3 1921 1920 1919 2992 
3 1925 1705 1716 2993 
3 1703 1705 1925 2994 
3 1925 1725 1703 2995 
3 1926 1927 1725 2996 
3 1716 1916 1925 2998 
3 1725 1925 1926 2999 
3 1927 1926 1930 3000 
3 1932 1933 1927 3003 
3 1897 1937 1938 3009 
3 1325 1326 1940 3011 
3 1557 1325 1940 3014 
3 1326 1942 1940 3016 
3 1940 1943 1557 3017 
3 1556 1557 1943 3018 
3 1942 1943 1940 3020 
3 1945 1552 1556 3021 
3 1943 1946 1945 3023 
3 1556 1943 1945 3024 
3 1326 1947 1942 3025 
3 1749 1963 1964 3044 
3 1807 1749 1964 3045 
3 1963 1749 1752 3046 
3 1965 1964 1963 3048 
3 1966 1897 1893 3050 
3 1965 1967 1964 3051 
3 1749 1719 1752 3052 
3 1966 1968 1897 3053 
3 1901 1897 1938 3054 
3 1969 1943 1942 3055 
3 1947 1970 1969 3056 
3 1972 1385 1386 3058 
3 1972 1974 1970 3061 
3 1385 1972 1327 3063 
3 1972 1970 1947 3064 
3 492 1887 1885 3067 
3 1883 492 494 3069 
3 1937 1897 1968 3070 
3 1968 1977 1937 3071 
3 1981 1982 1983 3074 
3 1985 1981 1983 3076 
3 1797 1854 1859 3078 
3 1838 1988 1854 3079 
3 1979 1985 1989 3081 
3 1979 1989 1984 3082 
3 1991 1994 1995 3087 
3 1991 1997 1994 3094 
3 2003 1914 2004 3104 
3 2005 2006 1914 3105 
3 2010 1839 1340 3109 
3 1340 1334 1865 3111 
3 1339 1334 1340 3112 
3 1283 1340 1839 3113 
3 2011 2010 1340 3115 
3 2011 2015 2016 3126 
3 2015 2011 1340 3128 
3 1925 1916 2037 3151 
3 1916 1915 2037 3153 
3 1925 2037 1930 3154 
3 1926 1925 1930 3156 
3 2037 1917 1930 3157 
3 2037 1915 1917 3158 
3 2046 2047 2048 3163 
3 1923 2049 1930 3164 
3 1202 2050 1194 3165 
3 1923 1930 1917 3166 
3 2051 2050 2052 3167 
3 2053 2048 2047 3168 
3 2055 2056 1901 3175 
3 1901 2056 2047 3178 
3 2050 200 1194 3179 
3 1901 2047 1898 3181 
3 201 200 2050 3182 
3 2050 2051 201 3183 
3 2053 2056 2055 3184 
3 1896 1898 2047 3185 
3 2053 2047 2056 3189 
3 2061 2053 2055 3192 
3 2055 1901 2062 3194 
3 1969 1942 1947 3217 
3 2049 2073 1927 3220 
3 2073 1932 1927 3221 
3 2049 1927 1930 3223 
3 2073 2074 1932 3225 
3 2075 2076 2077 3226 
3 2074 2078 2079 3229 
3 2080 2075 2081 3231 
3 2078 2083 2084 3236 
3 1327 1947 1326 3240 
3 2085 2086 2087 3242 
3 2088 2089 2086 3243 
3 2075 2080 2076 3245 
3 1997 2077 2076 3247 
3 1994 1997 2080 3249 
3 2088 2061 2089 3250 
3 2080 1997 2076 3251 
3 1989 2077 2093 3252 
3 2087 2086 2089 3253 
3 2094 2087 2089 3254 
3 2077 1997 2093 3255 
3 2087 2094 2095 3256 
3 1997 1984 2093 3261 
3 2101 2061 2055 3263 
3 2101 2089 2061 3265 
3 1947 1327 1972 3288 
3 2089 2101 2120 3292 
3 2094 2089 2120 3294 
3 977 2004 923 3307 
3 1901 2126 2062 3309 
3 2126 1901 1938 3310 
3 2126 2120 2062 3311 
3 2126 1938 1937 3314 
3 2062 2120 2055 3315 
3 1989 2093 1984 3316 
3 2120 2101 2055 3317 
3 722 1886 553 3320 
3 2016 2128 2129 3321 
3 554 553 1886 3322 
3 1995 1885 1887 3327 
3 554 1994 2080 3328 
3 2135 2084 2083 3338 
3 2136 2137 2138 3341 
3 1967 1965 2139 3343 
3 2140 2141 2016 3345 
3 2140 2142 2143 3346 
3 1974 2144 1970 3348 
3 1969 1970 2144 3349 
3 2084 2079 2078 3353 
3 1922 2049 1920 3355 
3 2073 2078 2074 3356 
3 2073 1922 2078 3358 
3 2049 1923 1920 3359 
3 2139 2146 2134 3367 
3 1965 2144 2139 3371 
3 1921 2151 1922 3372 
3 2152 2083 2078 3373 
3 2152 2135 2083 3374 
3 1552 1945 1555 3375 
3 1922 2152 2078 3376 
3 1946 1969 2153 3377 
3 1235 1832 979 3378 
3 1946 1943 1969 3379 
3 54 1832 1235 3380 
3 1235 55 54 3381 
3 1946 2154 1963 3382 
3 1946 2153 2154 3383 
3 2153 1969 2144 3384 
3 2154 2153 2144 3386 
3 1965 1963 2154 3387 
3 1945 1946 1963 3389 
3 1963 1555 1945 3391 
3 5 0 2158 3396 
3 1965 2154 2144 3397 
3 1963 1752 1555 3398 
3 1530 5 2158 3401 
3 1828 1830 1835 3402 
3 1995 1994 554 3403 
3 2120 2159 2094 3404 
3 1886 1995 554 3405 
3 1886 1885 1995 3406 
3 2004 1914 1913 3407 
3 1995 1992 1991 3408 
3 923 2004 1913 3409 
3 2080 552 554 3410 
3 722 492 1886 3411 
3 1835 2004 977 3415 
3 2162 2163 2087 3416 
3 2159 2095 2094 3419 
3 2137 2166 2138 3424 
3 2167 2168 2140 3425 
3 2167 2140 2016 3426 
3 969 2169 2081 3427 
3 2081 2169 2080 3428 
3 2080 2169 552 3429 
3 564 557 2169 3431 
3 564 2169 969 3432 
3 552 2169 557 3436 
3 2175 2176 1838 3445 
3 2180 2173 2028 3450 
3 1922 2073 2049 3457 
3 2135 2152 2187 3462 
3 2028 2188 2180 3463 
3 1922 2151 2189 3464 
3 2173 2180 2190 3465 
3 1922 2189 2152 3466 
3 1964 1967 1810 3468 
3 1807 1964 1810 3473 
3 1810 2197 1811 3475 
3 1810 2198 2197 3477 
3 1810 1967 2198 3478 
3 1825 1807 1811 3480 
3 1825 1811 2197 3481 
3 2003 2004 1835 3485 
3 2201 2202 1822 3487 
3 2176 1988 1838 3489 
3 2201 1822 2203 3490 
3 1822 1825 2203 3492 
3 2175 1839 2010 3493 
3 2201 2203 2204 3495 
3 2203 1825 2197 3496 
3 1838 1839 2175 3501 
3 2209 2210 2175 3506 
3 2212 2190 2213 3518 
3 1835 2215 2003 3520 
3 2215 2216 2003 3522 
3 2190 2180 2213 3525 
3 2213 2180 2188 3526 
3 1830 2215 1835 3527 
3 2222 2223 2224 3531 
3 2225 2222 2212 3533 
3 2222 2224 2212 3535 
3 2213 2225 2212 3536 
3 1933 1725 1927 3541 
3 1933 1723 1725 3542 
3 1933 1932 2228 3544 
3 1933 2228 2229 3545 
3 2219 2230 2218 3546 
3 2230 2139 2134 3547 
3 2230 2134 2218 3549 
3 1933 2229 1723 3551 
3 2230 1967 2139 3552 
3 2011 2209 2175 3555 
3 2010 2011 2175 3556 
3 2236 2203 2197 3557 
3 2011 2016 2209 3558 
3 2236 2197 2198 3559 
3 2222 2241 2242 3564 
3 2243 2244 2223 3568 
3 961 956 2246 3573 
3 2247 2213 2188 3576 
3 2052 2247 2188 3577 
3 2248 2249 2250 3578 
3 2028 2052 2188 3579 
3 1723 2229 1733 3580 
3 2229 2251 1733 3581 
3 2252 1202 1197 3582 
3 1202 2252 2253 3583 
3 2247 2225 2213 3584 
3 2253 2052 1202 3586 
3 2050 1202 2052 3588 
3 2247 2052 2253 3589 
3 2241 2252 1204 3590 
3 2242 2241 2256 3591 
3 2241 1204 2257 3592 
3 1204 1207 2257 3593 
3 2095 2162 2087 3594 
3 1207 1256 2257 3595 
3 2258 2259 2159 3596 
3 1256 2256 2257 3597 
3 2095 2159 2162 3599 
3 2159 2259 2162 3600 
3 2074 2228 1932 3604 
3 2079 2084 2265 3607 
3 2265 2266 2079 3612 
3 2266 2074 2079 3613 
3 2074 2266 2228 3615 
3 2120 2269 2270 3616 
3 2159 2120 2270 3617 
3 2266 2273 2274 3621 
3 2274 2228 2266 3622 
3 2265 2275 2266 3624 
3 2265 2084 2275 3625 
3 2275 2276 2266 3626 
3 2276 2275 1077 3629 
3 2275 111 109 3633 
3 2279 2273 2266 3637 
3 2279 2266 2276 3638 
3 2275 109 114 3639 
3 114 1077 2275 3640 
3 1772 2280 1770 3643 
3 1746 1739 1745 3644 
3 1773 2281 1701 3645 
3 1745 1739 1738 3646 
3 2283 1745 1735 3649 
3 2283 1735 2284 3650 
3 1799 1701 2281 3651 
3 2283 2287 2288 3656 
3 1745 2283 2288 3657 
3 2291 2292 2293 3659 
3 2291 2293 1802 3661 
3 1802 1688 2291 3663 
3 2291 1688 1799 3665 
3 2281 2291 1799 3668 
3 1746 1745 2296 3670 
3 1772 2297 2280 3671 
3 1770 1773 1689 3672 
3 1689 1771 1770 3673 
3 1770 2281 1773 3675 
3 2299 2281 1770 3676 
3 2280 2299 1770 3677 
3 2291 2281 2292 3678 
3 2300 2301 2288 3679 
3 2303 1923 1917 3681 
3 2296 2303 1917 3682 
3 2288 2301 1923 3683 
3 2281 2299 2304 3684 
3 2288 1923 2303 3685 
3 2288 2296 1745 3686 
3 2288 2303 2296 3687 
3 1917 1746 2296 3688 
3 2299 2305 2304 3689 
3 2306 2307 2308 3690 
3 2311 2312 2299 3692 
3 2204 2203 2236 3694 
3 2241 2225 2252 3695 
3 1141 5 1530 3697 
3 1197 1204 2252 3698 
3 2241 2222 2225 3700 
3 2256 2241 2257 3702 
3 2198 1967 2230 3703 
3 2252 2225 2247 3705 
3 2247 2253 2252 3706 
3 1982 2318 1983 3712 
3 1832 54 1829 3720 
3 1989 1983 2077 3721 
3 2198 2230 2219 3722 
3 2236 2198 2219 3724 
3 2299 2312 2305 3725 
3 2236 2219 2204 3726 
3 2219 2321 2322 3729 
3 1981 2327 1982 3736 
3 2327 2328 2329 3739 
3 2329 1982 2327 3740 
3 2330 1530 2158 3741 
3 1859 2331 1860 3742 
3 2256 1256 2332 3743 
3 1982 2333 2248 3744 
3 2334 1461 1530 3745 
3 2334 1530 2337 3750 
3 1530 2330 2337 3751 
3 2337 406 225 3754 
3 2204 2219 2322 3756 
3 2338 2204 2322 3757 
3 2337 225 2334 3758 
3 1829 60 2339 3759 
3 2338 2201 2204 3761 
3 1461 2334 225 3764 
3 2201 2338 2340 3765 
3 62 192 60 3769 
3 2339 60 192 3771 
3 1829 54 60 3773 
3 2338 2322 2321 3779 
3 2243 2344 2244 3784 
3 2307 2306 1750 3785 
3 226 2307 1750 3786 
3 2345 2305 2312 3787 
3 2243 2222 2242 3788 
3 2344 2243 2242 3792 
3 226 231 2307 3793 
3 1982 2248 2318 3797 
3 2223 2222 2243 3798 
3 2250 1983 2318 3799 
3 1983 2250 2077 3801 
3 2350 2344 2242 3805 
3 2248 2250 2318 3806 
3 1989 1985 1983 3807 
3 2327 1981 2352 3809 
3 2327 2352 2356 3815 
3 1427 1437 1837 3818 
3 1816 1836 1837 3832 
3 2366 231 395 3834 
3 1578 1596 2332 3835 
3 2332 1575 1578 3837 
3 2332 1255 1575 3838 
3 1894 1896 2366 3839 
3 231 2366 2307 3840 
3 2046 2369 2366 3842 
3 1848 2368 1837 3843 
3 2350 2242 2256 3844 
3 1848 1837 1836 3845 
3 2369 2307 2366 3846 
3 2256 2332 2350 3847 
3 1427 2370 1436 3848 
3 1427 1837 2370 3849 
3 1837 2368 2370 3850 
3 2369 2308 2307 3852 
3 1895 1894 2366 3853 
3 2366 395 1895 3854 
3 2371 2292 2281 3855 
3 2372 2368 2373 3856 
3 104 2371 2374 3857 
3 2333 1982 2329 3858 
3 2329 2375 2376 3859 
3 104 105 2371 3860 
3 104 2374 296 3861 
3 2328 2375 2329 3863 
3 2377 2248 2333 3864 
3 2304 2374 2371 3865 
3 2281 2304 2371 3866 
3 2379 2329 2376 3868 
3 2383 2016 2141 3877 
3 2384 2385 2379 3878 
3 2209 2016 2129 3879 
3 138 296 2374 3880 
3 2304 138 2374 3881 
3 2386 2379 2387 3882 
3 2329 2379 2377 3883 
3 2388 138 2304 3884 
3 2379 2386 2377 3885 
3 2305 2345 2388 3886 
3 2377 2333 2329 3887 
3 2388 2304 2305 3888 
3 2391 138 2388 3890 
3 2387 2379 2392 3891 
3 2391 1435 138 3892 
3 2377 2393 2248 3894 
3 2345 2391 2388 3896 
3 2077 2250 2075 3899 
3 2081 2075 2396 3901 
3 2016 2383 2128 3902 
3 2397 2383 2141 3903 
3 2397 2141 2398 3904 
3 2399 2400 2249 3905 
3 2396 2075 2250 3907 
3 2400 2250 2249 3908 
3 2372 1436 2370 3912 
3 1655 1426 2406 3914 
3 2406 1426 1436 3915 
3 2085 2407 2408 3916 
3 2406 1436 2372 3917 
3 2085 2408 2409 3919 
3 2368 2372 2370 3920 
3 2408 2407 2412 3923 
3 2414 2408 2412 3926 
3 2373 2415 2372 3927 
3 2372 2415 2416 3928 
3 2085 2417 2407 3929 
3 2418 1848 1817 3930 
3 1820 2418 1817 3931 
3 2087 2419 2085 3932 
3 2418 2420 2367 3933 
3 2048 2369 2046 3934 
3 1820 1914 2418 3935 
3 2367 2420 2421 3936 
3 2048 2422 2369 3937 
3 2366 2047 2046 3938 
3 2366 1896 2047 3939 
3 2422 2048 2053 3940 
3 2423 2422 2053 3942 
3 2422 2425 2369 3946 
3 2422 2426 2425 3947 
3 2053 2061 2423 3951 
3 2368 2367 2421 3961 
3 2393 2249 2248 3970 
3 2418 2006 2420 3972 
3 2432 2433 2434 3974 
3 2393 2377 2386 3975 
3 2435 2436 2432 3977 
3 2434 2399 2249 3978 
3 2434 2437 2399 3979 
3 2418 2367 1848 3980 
3 2393 2434 2249 3982 
3 2434 2435 2432 3983 
3 2006 2418 1914 3985 
3 2421 2420 2006 3986 
3 2386 2435 2434 3987 
3 2421 2415 2373 3988 
3 2368 2421 2373 3989 
3 2088 2439 2440 3992 
3 2441 2440 2439 3993 
3 2434 2393 2386 3997 
3 2386 2387 2435 3998 
3 2435 2387 2392 3999 
3 2444 2445 2446 4002 
3 2392 2436 2435 4004 
3 2061 2088 2423 4011 
3 2440 2441 2423 4013 
3 2453 2454 2455 4015 
3 2088 2440 2423 4016 
3 2458 2459 2460 4021 
3 2332 1256 1255 4029 
3 0 2 2462 4031 
3 2 1870 2462 4033 
3 1870 2465 2462 4034 
3 2005 2466 2006 4036 
3 2466 2421 2006 4037 
3 2467 2468 2469 4038 
3 2470 2471 2462 4039 
3 2466 2467 2472 4040 
3 0 2462 2471 4041 
3 1870 1871 2244 4042 
3 2244 1871 1833 4044 
3 2474 2244 1833 4045 
3 2466 2473 2475 4046 
3 2466 2475 2415 4047 
3 2466 2415 2421 4048 
3 2416 2415 2475 4051 
3 2475 2473 2416 4053 
3 2479 2372 2416 4055 
3 2471 2158 0 4062 
3 2481 2482 2471 4063 
3 2483 2484 2482 4065 
3 2471 2482 2158 4068 
3 2484 2158 2482 4070 
3 1870 2244 2344 4077 
3 1870 2488 2465 4078 
3 2350 1870 2344 4079 
3 2488 1870 2350 4080 
3 1304 2489 2459 4081 
3 2465 2470 2462 4082 
3 2459 2458 1304 4083 
3 2490 2460 2459 4084 
3 2470 2488 2491 4085 
3 2460 2166 2492 4086 
3 2489 2490 2459 4087 
3 2465 2488 2470 4088 
3 2493 2166 2490 4089 
3 2458 687 1304 4090 
3 1001 1020 2458 4091 
3 1001 2458 2460 4093 
3 1020 687 2458 4094 
3 1001 2460 2492 4095 
3 1001 2492 1023 4096 
3 2166 2460 2490 4097 
3 2492 2166 2137 4098 
3 2284 2494 2283 4102 
3 2284 1735 1751 4103 
3 2287 2283 2494 4104 
3 2494 2306 2308 4105 
3 1750 2306 2494 4107 
3 1751 1750 2494 4108 
3 1751 2494 2284 4109 
3 2494 2425 2426 4110 
3 2425 2494 2308 4112 
3 2425 2308 2369 4113 
3 2426 2422 2496 4114 
3 2500 2501 2426 4120 
3 2504 2501 2300 4126 
3 2504 2300 2288 4127 
3 2288 2287 2504 4128 
3 2287 2494 2504 4130 
3 2504 2494 2426 4131 
3 2392 2507 2436 4133 
3 2426 2501 2504 4135 
3 2496 2422 2423 4137 
3 2496 2423 2441 4138 
3 279 2518 280 4154 
3 1918 2300 2521 4158 
3 2524 2518 2521 4161 
3 279 1924 1919 4162 
3 279 1919 2518 4166 
3 1919 1918 2518 4167 
3 2518 2524 280 4169 
3 280 2524 348 4172 
3 2545 2546 2297 4192 
3 2547 2297 2546 4193 
3 2311 2280 2297 4198 
3 2297 1772 1771 4200 
3 2311 2297 2547 4201 
3 2547 2549 2311 4203 
3 1923 2301 1918 4207 
3 1918 2301 2300 4208 
3 2299 2280 2311 4209 
3 2550 2312 2311 4211 
3 2521 2518 1918 4212 
3 2552 2439 2553 4214 
3 2553 2554 2552 4215 
3 346 2552 2554 4217 
3 2553 352 2554 4226 
3 2553 2408 2558 4229 
3 2553 2558 352 4232 
3 2561 348 2524 4234 
3 2500 2524 2521 4236 
3 2500 2563 2524 4237 
3 2500 2300 2501 4239 
3 2300 2500 2521 4240 
3 2554 352 346 4241 
3 2426 2496 2441 4243 
3 348 2561 346 4245 
3 2414 352 2558 4246 
3 2408 2414 2558 4249 
3 352 2414 353 4250 
3 2566 353 2414 4252 
3 2412 2567 2414 4253 
3 1666 1173 1130 4265 
3 1170 1666 1130 4266 
3 615 353 2566 4268 
3 2168 2493 2142 4270 
3 2396 2246 2081 4272 
3 2246 969 2081 4274 
3 2493 2489 2142 4276 
3 2489 2493 2490 4277 
3 956 969 2246 4278 
3 2396 2250 2246 4279 
3 2493 2168 2138 4280 
3 2166 2493 2138 4281 
3 2140 2168 2142 4285 
3 2140 2143 2581 4290 
3 2412 2407 2417 4291 
3 2417 2085 2419 4292 
3 2581 2141 2140 4294 
3 2398 2141 2581 4295 
3 2409 2439 2088 4296 
3 2088 2085 2409 4299 
3 2400 2399 2246 4300 
3 2409 2408 2553 4301 
3 2246 2250 2400 4302 
3 2553 2439 2409 4303 
3 2088 2086 2085 4304 
3 2432 2436 2583 4306 
3 2434 825 2437 4308 
3 2434 2433 825 4309 
3 2437 827 2585 4311 
3 2432 2583 2433 4316 
3 2433 2583 1032 4318 
3 2437 2585 2399 4321 
3 2585 827 826 4324 
3 2585 961 2399 4327 
3 827 2437 825 4329 
3 2433 1032 962 4331 
3 962 825 2433 4333 
3 961 2246 2399 4334 
3 826 961 2585 4336 
3 2583 2601 1032 4343 
3 2608 615 2566 4357 
3 2609 2471 2470 4358 
3 2609 2470 2610 4359 
3 2142 2611 2143 4360 
3 1666 2143 2611 4361 
3 2610 2612 2609 4362 
3 2611 1173 1666 4363 
3 1666 2581 2143 4364 
3 2491 2610 2470 4365 
3 1666 2613 2581 4366 
3 1304 2614 2489 4367 
3 2615 2608 2566 4368 
3 2142 2489 2611 4369 
3 2414 2567 2566 4370 
3 2614 2611 2489 4371 
3 2617 1173 2614 4375 
3 2617 1174 1173 4377 
3 2614 1173 2611 4379 
3 1304 2617 2614 4383 
3 1174 1304 1177 4384 
3 1174 2617 1304 4387 
3 2327 2356 2622 4393 
3 2356 2352 2624 4397 
3 2628 2629 2471 4404 
3 1666 1586 2630 4405 
3 2481 2471 2629 4406 
3 2412 2417 2631 4407 
3 2631 2632 2412 4408 
3 2633 2628 2609 4409 
3 2635 2636 2615 4411 
3 2566 2635 2615 4414 
3 2567 2635 2566 4416 
3 2622 2328 2327 4419 
3 2638 2630 1671 4420 
3 2629 2483 2481 4421 
3 2482 2481 2483 4422 
3 888 2608 2639 4423 
3 888 615 2608 4424 
3 2630 1586 1671 4426 
3 2641 2642 2643 4428 
3 2639 2608 2636 4429 
3 888 2639 2644 4430 
3 2645 899 888 4431 
3 2645 888 2644 4432 
3 2398 2581 2613 4434 
3 2613 2647 2398 4436 
3 2648 2647 2641 4437 
3 2445 2128 2397 4438 
3 2383 2397 2128 4439 
3 2645 2649 899 4440 
3 2471 2609 2628 4441 
3 2629 2628 2633 4443 
3 2648 2445 2397 4444 
3 2629 2633 2652 4447 
3 2652 2653 2629 4448 
3 2654 2653 2652 4449 
3 2653 2483 2629 4452 
3 2375 2655 2656 4453 
3 2376 2656 2384 4459 
3 2656 2376 2375 4460 
3 2379 2376 2384 4461 
3 2612 2633 2609 4468 
3 2633 2612 2654 4470 
3 2654 2652 2633 4472 
3 2662 2488 2350 4473 
3 2350 2332 2662 4474 
3 2488 2662 2491 4475 
3 2662 2332 1596 4476 
3 2662 1596 2491 4477 
3 2663 2664 2635 4478 
3 2567 2665 2635 4479 
3 1596 1593 2491 4480 
3 2635 2665 2663 4482 
3 2397 2398 2647 4483 
3 2647 2642 2641 4484 
3 2647 2613 2642 4485 
3 2647 2648 2397 4486 
3 1671 1534 1803 4494 
3 1670 1534 1671 4495 
3 1671 2672 2638 4501 
3 2632 2665 2567 4502 
3 2632 2567 2412 4503 
3 1671 2643 2672 4504 
3 2642 2672 2643 4507 
3 2087 2163 2419 4515 
3 2163 2678 2417 4516 
3 2163 2679 2678 4517 
3 2454 2680 2681 4518 
3 2163 427 2679 4519 
3 2679 2682 2678 4520 
3 2683 2681 2680 4521 
3 2678 2682 2631 4522 
3 2454 2684 2680 4523 
3 2679 441 2682 4524 
3 2643 2683 2680 4525 
3 2678 2631 2417 4526 
3 2446 2445 2648 4527 
3 2162 2259 2163 4528 
3 2417 2419 2163 4529 
3 2680 2648 2643 4530 
3 2648 2641 2643 4532 
3 2684 2446 2680 4533 
3 2446 2648 2680 4535 
3 2688 2683 2643 4537 
3 2642 2613 2689 4540 
3 1666 2689 2613 4541 
3 2689 2638 2672 4542 
3 2672 2642 2689 4543 
3 2689 2630 2638 4544 
3 1666 2630 2689 4545 
3 2690 2691 2692 4547 
3 1275 2693 2694 4548 
3 2693 2691 2690 4549 
3 1275 2691 2693 4550 
3 2697 2691 1275 4553 
3 1033 2697 392 4556 
3 2694 1866 1276 4557 
3 389 392 1275 4558 
3 1275 392 2697 4560 
3 2697 1034 2691 4561 
3 1033 1034 2697 4562 
3 1275 2694 1276 4563 
3 2699 2700 1865 4565 
3 2699 1865 2693 4568 
3 2705 2700 2699 4569 
3 2705 2699 2693 4570 
3 2690 2705 2693 4571 
3 2690 2706 2705 4572 
3 1337 1866 1865 4573 
3 2700 1340 1865 4574 
3 1865 1866 2694 4575 
3 1865 2694 2693 4576 
3 2700 2015 1340 4577 
3 2167 2705 2706 4579 
3 1188 2707 1189 4580 
3 2692 2706 2690 4581 
3 2691 2707 2692 4583 
3 2136 2167 2706 4584 
3 2138 2168 2167 4585 
3 2136 2138 2167 4587 
3 2706 2692 2136 4588 
3 2136 2709 2137 4589 
3 2709 2492 2137 4590 
3 1188 2709 2707 4591 
3 1188 1023 2709 4594 
3 2707 1034 1189 4597 
3 2692 2707 2709 4599 
3 2691 1034 2707 4601 
3 2136 2692 2709 4603 
3 2167 2016 2705 4604 
3 2015 2700 2705 4605 
3 2016 2015 2705 4606 
3 935 936 937 4607 
3 2712 2713 1854 4609 
3 936 899 2649 4610 
3 1854 1988 2712 4611 
3 2714 2331 2715 4612 
3 2717 1859 2713 4614 
3 2715 2712 2718 4615 
3 2719 938 936 4616 
3 936 2649 2719 4617 
3 2331 2717 2715 4620 
3 2721 2210 2129 4621 
3 1988 2176 2712 4622 
3 2717 2712 2715 4623 
3 2561 2524 2563 4625 
3 2563 2723 2552 4627 
3 2724 2392 2385 4628 
3 2441 2552 2723 4629 
3 2392 2379 2385 4630 
3 346 2563 2552 4631 
3 2441 2439 2552 4633 
3 2726 2727 2724 4638 
3 2723 2426 2441 4641 
3 2561 2563 346 4645 
3 2723 2563 2500 4650 
3 2500 2426 2723 4651 
3 2259 427 2163 4654 
3 2491 1593 2610 4656 
3 2679 427 429 4657 
3 2610 1593 2735 4662 
3 429 441 2679 4664 
3 1592 2735 1593 4676 
3 1732 2739 2740 4679 
3 2741 2740 96 4680 
3 1732 1733 2739 4683 
3 94 2740 2739 4684 
3 2472 2467 2469 4685 
3 2472 2469 2476 4689 
3 2469 2737 2743 4694 
3 2610 2735 2744 4695 
3 2745 2469 2743 4696 
3 94 96 2740 4697 
3 2744 2612 2610 4698 
3 2746 2743 2737 4699 
3 1592 2747 2735 4700 
3 2476 2469 2748 4701 
3 2276 2749 2279 4702 
3 2469 2745 2748 4703 
3 2750 1066 2751 4704 
3 2751 1066 2752 4705 
3 2753 2750 2751 4706 
3 2749 1064 1066 4708 
3 1064 2749 2276 4709 
3 1066 2750 2749 4710 
3 2158 2484 2761 4720 
3 2762 2158 2761 4721 
3 2764 52 2756 4728 
3 2766 935 937 4731 
3 2658 2746 2738 4733 
3 2762 2761 2767 4734 
3 2771 2767 2772 4739 
3 2737 2738 2746 4742 
3 2745 2743 2746 4744 
3 2773 2658 2657 4746 
3 2774 2775 2727 4747 
3 2330 2158 2762 4748 
3 2337 2330 2771 4749 
3 2771 2330 2762 4750 
3 2762 2767 2771 4751 
3 2771 2772 2337 4753 
3 2746 2658 2778 4754 
3 2726 2774 2727 4756 
3 2337 2779 406 4757 
3 2479 2416 2780 4758 
3 2779 395 406 4759 
3 2782 2775 2774 4761 
3 1658 2783 1659 4762 
3 2784 2783 1658 4763 
3 2785 2775 2782 4764 
3 2785 2786 2775 4765 
3 2727 2775 2787 4766 
3 2479 1658 1655 4767 
3 2775 2786 2787 4768 
3 1657 1655 1658 4769 
3 2406 2479 1655 4771 
3 2789 2790 2791 4774 
3 2653 2792 2483 4778 
3 2483 2793 2484 4779 
3 2792 2793 2483 4780 
3 1658 2479 2784 4781 
3 2479 2406 2372 4782 
3 461 2794 2795 4783 
3 2793 2796 2484 4784 
3 2780 2784 2479 4785 
3 2484 2796 2797 4786 
3 2631 2682 2798 4787 
3 2798 2632 2631 4788 
3 2665 2794 2663 4789 
3 2665 2795 2794 4790 
3 461 771 2794 4791 
3 2797 2767 2761 4792 
3 2797 2761 2484 4793 
3 1661 1759 1757 4794 
3 1759 1659 2783 4795 
3 2799 1759 2800 4796 
3 2632 2795 2665 4797 
3 2800 1759 2783 4798 
3 2799 1757 1759 4799 
3 2784 2800 2783 4800 
3 2792 2801 2793 4801 
3 2793 2802 2796 4802 
3 2632 2798 2795 4803 
3 2797 2796 2803 4804 
3 2803 2796 2802 4805 
3 1758 1757 2799 4807 
3 2793 2801 2802 4808 
3 2799 2800 2805 4810 
3 1064 2276 1077 4811 
3 2800 2780 2805 4813 
3 2752 1066 1065 4814 
3 2784 2780 2800 4815 
3 1192 2752 1065 4817 
3 2807 2473 2748 4820 
3 2808 94 2739 4821 
3 2808 2809 94 4822 
3 2807 2416 2473 4824 
3 2682 441 455 4825 
3 2748 2810 2811 4826 
3 2746 2778 2745 4829 
3 2810 2745 2778 4834 
3 2778 2811 2810 4836 
3 2795 457 461 4838 
3 2807 2780 2416 4840 
3 2748 2473 2476 4842 
3 2795 2798 457 4843 
3 2798 2682 455 4845 
3 2780 2811 2805 4846 
3 2807 2748 2780 4847 
3 455 457 2798 4848 
3 2748 2811 2780 4849 
3 2745 2810 2748 4850 
3 2805 2811 2778 4853 
3 2819 2778 2658 4856 
3 2215 1830 2820 4860 
3 2005 2003 2216 4862 
3 2608 2615 2636 4866 
3 2636 2635 2664 4869 
3 2797 2803 2772 4871 
3 2772 2767 2797 4872 
3 2712 2717 2713 4873 
3 2827 2828 1900 4874 
3 2718 2712 2176 4875 
3 2718 2176 2721 4876 
3 1859 1854 2713 4877 
3 2801 2827 2802 4878 
3 2829 2714 2715 4879 
3 2331 1859 2717 4880 
3 2827 2830 2802 4881 
3 2721 2176 2175 4882 
3 2721 2175 2210 4883 
3 2802 2830 2803 4884 
3 2714 2831 2455 4885 
3 2684 2453 2446 4886 
3 2715 2718 2829 4887 
3 2832 2772 2803 4888 
3 2721 2129 2718 4889 
3 2831 2829 2453 4890 
3 2833 2834 2612 4891 
3 2453 2455 2831 4892 
3 2453 2829 2718 4893 
3 2444 2453 2718 4894 
3 2453 2684 2454 4895 
3 2744 2833 2612 4896 
3 2444 2446 2453 4897 
3 2718 2129 2444 4898 
3 2714 2829 2831 4899 
3 2210 2209 2129 4900 
3 2444 2128 2445 4901 
3 2834 2653 2654 4902 
3 2612 2834 2654 4903 
3 2834 2835 2653 4904 
3 2653 2835 2792 4905 
3 2835 2801 2792 4906 
3 2828 2836 1900 4907 
3 1900 2836 2833 4908 
3 2834 2836 2835 4909 
3 2834 2833 2836 4910 
3 2828 2801 2835 4911 
3 2836 2828 2835 4912 
3 2828 2827 2801 4913 
3 1900 2837 2838 4914 
3 2832 2830 1900 4915 
3 2779 2337 1900 4916 
3 2644 2719 2645 4917 
3 2719 2644 2639 4918 
3 2649 2645 2719 4919 
3 2636 2719 2639 4920 
3 2663 2841 2842 4926 
3 2719 2843 2844 4927 
3 2843 2845 2842 4928 
3 2845 2636 2664 4929 
3 2842 2844 2843 4930 
3 2719 2636 2845 4931 
3 2845 2843 2719 4932 
3 2845 2663 2842 4933 
3 2845 2664 2663 4934 
3 2820 1830 2339 4942 
3 2005 1914 2003 4945 
3 2215 2851 2216 4948 
3 2215 2820 2851 4950 
3 2851 2852 2216 4951 
3 2851 2853 2852 4952 
3 2854 2844 2842 4953 
3 2794 2855 2841 4954 
3 2841 2663 2794 4955 
3 938 2719 2856 4957 
3 2766 937 2857 4958 
3 2856 2857 937 4959 
3 2466 2216 2852 4960 
3 2857 2859 2766 4962 
3 2466 2005 2216 4963 
3 2339 2851 2820 4967 
3 2860 2853 2851 4968 
3 2789 2862 2790 4970 
3 2859 2857 2856 4975 
3 2856 2719 2844 4979 
3 2856 937 938 4980 
3 2808 2867 2809 4982 
3 2444 2129 2128 4983 
3 2790 2507 2791 4984 
3 2507 2727 2791 4985 
3 2507 2724 2727 4986 
3 2392 2724 2507 4988 
3 2492 2709 1023 4995 
3 2874 2875 2876 4996 
3 2809 2874 2876 4998 
3 2874 2867 2875 4999 
3 2885 2886 2274 5011 
3 2229 2886 2251 5013 
3 2251 2886 2887 5014 
3 2229 2228 2886 5015 
3 2886 2228 2274 5017 
3 2251 2808 2739 5018 
3 2739 1733 2251 5019 
3 2903 2904 2859 5039 
3 2859 2844 2903 5045 
3 2856 2844 2859 5046 
3 2908 2904 2903 5048 
3 2903 2844 2908 5050 
3 2859 2904 2909 5060 
3 2550 2311 2549 5061 
3 1900 2833 2837 5069 
3 2790 2436 2507 5071 
3 2912 2838 2837 5073 
3 1900 2830 2827 5074 
3 2913 2468 2467 5075 
3 2914 2789 2791 5076 
3 2915 2916 2917 5078 
3 2913 2467 2466 5082 
3 2466 2852 2922 5083 
3 2913 2466 2924 5085 
3 2917 2914 2791 5086 
3 2917 2926 2914 5089 
3 2549 2927 2550 5090 
3 2927 2549 1823 5091 
3 2914 2926 2789 5092 
3 1822 2928 2927 5093 
3 1823 1822 2927 5094 
3 2929 2916 2930 5095 
3 2931 2924 2932 5096 
3 1822 2202 2928 5097 
3 2924 2466 2932 5098 
3 2202 2201 2340 5099 
3 2340 2933 2202 5100 
3 1937 1977 2935 5102 
3 2251 2887 2808 5103 
3 2926 2917 2929 5105 
3 2853 2936 2852 5106 
3 2937 2922 2852 5107 
3 2917 2916 2929 5109 
3 2937 2932 2922 5110 
3 2937 2852 2936 5111 
3 2926 2929 2930 5112 
3 2886 2885 2887 5129 
3 2885 2749 2750 5131 
3 2948 2949 2950 5138 
3 2853 2860 2936 5142 
3 2466 2922 2932 5146 
3 2915 2785 2952 5148 
3 2915 2917 2786 5149 
3 2915 2786 2785 5150 
3 2917 2787 2786 5151 
3 2727 2787 2791 5152 
3 2917 2791 2787 5153 
3 2274 2273 2885 5154 
3 2753 2885 2750 5155 
3 2273 2279 2749 5156 
3 2583 2436 2601 5157 
3 2601 2436 2790 5158 
3 2862 2601 2790 5159 
3 2749 2885 2273 5160 
3 2953 2789 2926 5161 
3 2601 2862 2953 5162 
3 2862 2789 2953 5163 
3 2953 1115 2601 5165 
3 2955 2468 2913 5168 
3 2924 2955 2913 5170 
3 2955 2957 2958 5171 
3 2887 2885 2753 5172 
3 2867 2874 2809 5173 
3 2601 1115 1081 5180 
3 2953 1116 1115 5183 
3 2601 1081 1032 5184 
3 2867 2808 2887 5199 
3 2967 2867 2887 5201 
3 2875 2867 2967 5204 
3 2875 2967 2968 5207 
3 2967 2970 2968 5211 
3 2928 2202 2974 5216 
3 2953 2926 2975 5217 
3 2202 2977 2974 5219 
3 2975 2926 2930 5220 
3 2977 2933 2978 5221 
3 2202 2933 2977 5222 
3 2933 2340 2338 5233 
3 1240 980 2981 5234 
3 980 974 2981 5235 
3 2975 2981 974 5236 
3 2338 2980 2933 5238 
3 1116 2953 2975 5240 
3 974 1116 2975 5241 
3 2975 2930 2981 5242 
3 2809 95 94 5243 
3 53 95 63 5244 
3 2726 2724 2982 5245 
3 2983 2948 2984 5246 
3 192 2860 2339 5248 
3 1830 1829 2339 5252 
3 2772 2832 2337 5253 
3 192 207 2860 5260 
3 401 2860 207 5263 
3 2855 2854 2842 5267 
3 2339 2860 2851 5268 
3 2855 2990 2854 5269 
3 2855 771 2990 5271 
3 771 2855 2794 5277 
3 63 95 2809 5281 
3 2995 2984 2948 5283 
3 2842 2841 2855 5284 
3 2996 2844 2854 5286 
3 2908 2998 2904 5291 
3 2844 2996 2908 5293 
3 2949 2999 2950 5294 
3 2854 2990 2996 5295 
3 2908 2996 2990 5296 
3 2950 2995 2948 5297 
3 1764 1774 2999 5300 
3 63 2809 2876 5301 
3 63 2876 64 5303 
3 1850 2999 1774 5305 
3 1764 2999 1592 5306 
3 771 774 2990 5324 
3 67 64 3009 5325 
3 3009 202 67 5332 
3 191 202 207 5343 
3 774 835 3017 5344 
3 2990 774 3017 5346 
3 2832 2803 2830 5353 
3 1900 2337 2832 5355 
3 3034 3035 401 5389 
3 3036 1977 2983 5392 
3 2860 401 3035 5393 
3 3035 2936 2860 5394 
3 1977 3036 3037 5395 
3 3035 2937 2936 5397 
3 3038 2957 2955 5398 
3 3038 2955 2924 5399 
3 2935 1977 3037 5401 
3 3037 3040 3041 5403 
3 3036 2983 2984 5405 
3 3038 3043 2957 5407 
3 3038 2924 2931 5408 
3 3044 3043 3038 5411 
3 3038 2931 3044 5414 
3 3037 3036 3040 5416 
3 3044 3034 3046 5417 
3 3040 3047 3041 5418 
3 3044 2937 3034 5419 
3 3044 2932 2937 5420 
3 3044 2931 2932 5423 
3 3035 3034 2937 5427 
3 1893 1900 2838 5431 
3 2779 1900 1895 5432 
3 3017 2908 2990 5433 
3 3037 3050 2935 5434 
3 1895 395 2779 5437 
3 3053 834 833 5439 
3 834 3053 2998 5442 
3 3017 834 2998 5455 
3 3017 835 834 5457 
3 2908 3017 2998 5458 
3 3060 402 400 5460 
3 400 403 473 5464 
3 3065 473 474 5477 
3 179 2726 2982 5478 
3 2724 2385 2982 5480 
3 64 2876 3009 5490 
3 3072 202 3009 5491 
3 3075 3009 2876 5494 
3 3009 3075 3072 5497 
3 474 202 3072 5500 
3 2726 466 2774 5501 
3 3076 2950 3077 5502 
3 2950 2999 1850 5505 
3 3077 2950 1850 5509 
3 2550 3084 2312 5516 
3 3084 2550 2927 5517 
3 2312 3084 3085 5519 
3 3085 2345 2312 5520 
3 3087 3088 3089 5522 
3 3090 473 3065 5523 
3 3084 2927 3091 5524 
3 2928 2974 3092 5525 
3 3091 2927 3092 5526 
3 2927 2928 3092 5527 
3 3093 3065 474 5528 
3 474 3094 3093 5529 
3 474 207 202 5530 
3 3072 3094 474 5531 
3 3095 2782 1200 5532 
3 179 466 2726 5533 
3 474 473 472 5534 
3 466 2782 2774 5535 
3 1200 2782 466 5536 
3 179 380 466 5537 
3 466 467 1200 5538 
3 3095 1200 1201 5539 
3 3096 3097 3087 5540 
3 3098 3097 3099 5541 
3 3100 3098 3099 5542 
3 3101 1489 3102 5543 
3 3085 3091 3092 5544 
3 3091 3085 3084 5545 
3 3088 3087 3043 5550 
3 3108 3101 3109 5556 
3 3101 2345 3085 5557 
3 402 3060 3046 5558 
3 3043 3089 3088 5559 
3 3046 3034 402 5561 
3 3046 3043 3044 5564 
3 3043 3046 3089 5566 
3 3034 401 402 5568 
3 3046 3060 3089 5570 
3 2912 2983 1977 5592 
3 3120 2984 3076 5593 
3 3036 2984 3120 5595 
3 2833 2744 2735 5597 
3 2984 2995 3076 5598 
3 2833 2735 2747 5599 
3 3121 3122 2958 5600 
3 3076 2995 2950 5601 
3 2837 2833 2747 5602 
3 3122 2955 2958 5603 
3 2747 2949 2837 5604 
3 2469 2468 3122 5605 
3 2999 2949 2747 5606 
3 2737 3122 3123 5607 
3 3121 3123 3122 5609 
3 2747 1592 2999 5610 
3 2949 2912 2837 5616 
3 2949 2948 2912 5618 
3 2782 3126 2952 5619 
3 2782 2952 2785 5620 
3 2983 2912 2948 5621 
3 3122 2468 2955 5622 
3 1893 2838 1966 5625 
3 3123 2760 2737 5627 
3 3122 2737 2469 5628 
3 2753 2751 3127 5629 
3 3077 1850 1860 5630 
3 3077 1860 3128 5631 
3 2967 2753 2970 5632 
3 2916 2915 3129 5633 
3 1849 1860 1850 5634 
3 2755 2764 2756 5635 
3 2967 2887 2753 5636 
3 2764 2755 2760 5637 
3 2764 2760 3130 5639 
3 3132 2760 3123 5641 
3 3129 2930 2916 5647 
3 2753 3127 2970 5653 
3 2952 3135 3129 5654 
3 3136 2970 3127 5655 
3 2952 3137 3135 5656 
3 2915 2952 3129 5658 
3 2952 3126 3137 5660 
3 1192 2751 2752 5661 
3 3139 3128 3140 5666 
3 1192 3136 3127 5667 
3 3139 3077 3128 5668 
3 3127 2751 1192 5669 
3 3141 3129 3135 5670 
3 3077 3139 3076 5671 
3 1198 3142 1192 5672 
3 3139 3120 3076 5673 
3 3144 3132 3123 5678 
3 2958 2957 3144 5685 
3 2957 3043 3144 5687 
3 3087 3097 3144 5691 
3 3144 3043 3087 5692 
3 2391 1486 1435 5693 
3 3144 3097 3098 5696 
3 3123 3121 3144 5700 
3 3144 3121 2958 5702 
3 2838 2912 1968 5705 
3 2912 1977 1968 5706 
3 3150 488 51 5707 
3 2838 1968 1966 5708 
3 3130 3098 3100 5710 
3 3150 2764 3100 5711 
3 52 2764 3150 5713 
3 51 52 3150 5716 
3 3130 3100 2764 5719 
3 3098 3130 3144 5721 
3 2760 3132 3130 5723 
3 3144 3130 3132 5725 
3 3099 3150 3100 5726 
3 3156 3150 3099 5728 
3 3120 3040 3036 5754 
3 3047 3040 3172 5756 
3 3172 3120 3139 5758 
3 3172 3040 3120 5759 
3 252 261 233 5815 
3 1400 1401 3194 5818 
3 1401 1404 264 5820 
3 264 3194 1401 5821 
3 262 3200 515 5823 
3 3200 264 3201 5826 
3 262 264 3200 5829 
3 264 260 261 5835 
3 3201 264 1406 5838 
3 1406 264 1404 5839 
3 264 261 3194 5841 
3 1662 1758 1654 5857 
3 3201 1648 671 5861 
3 671 3200 3201 5862 
3 3200 671 515 5864 
3 671 1648 1649 5867 
3 3201 1406 1648 5869 
3 1654 671 1649 5870 
3 1652 1660 1654 5872 
3 1660 1662 1654 5873 
3 3075 2876 2875 5874 
3 3140 3172 3139 5875 
3 3102 2391 2345 5876 
3 669 3210 675 5877 
3 3047 3211 3041 5878 
3 669 671 1654 5879 
3 3140 308 3172 5880 
3 1758 669 1654 5882 
3 3047 3172 308 5883 
3 3210 669 1758 5884 
3 3047 311 3211 5886 
3 2126 1937 2935 5933 
3 2120 2126 3230 5937 
3 2297 1771 487 5950 
3 3233 3072 3075 5951 
3 3233 3094 3072 5952 
3 2345 3101 3102 5954 
3 3234 1504 1489 5955 
3 3102 1486 2391 5956 
3 1489 1504 1490 5957 
3 1489 1486 3102 5958 
3 3235 3093 3233 5959 
3 3233 3093 3094 5960 
3 3238 2930 3129 5963 
3 3129 3141 3238 5966 
3 2981 2930 3238 5970 
3 3141 1240 3238 5972 
3 3230 2269 2120 5978 
3 2126 2935 3230 5980 
3 1241 3241 2741 5981 
3 1542 489 487 5982 
3 1241 3141 3241 5983 
3 1771 1542 487 5984 
3 3242 3150 3156 5986 
3 3141 1241 1240 5987 
3 1240 2981 3238 5988 
3 2297 488 3242 5989 
3 487 488 2297 5991 
3 3242 488 3150 5993 
3 3245 3137 3246 5995 
3 3135 3137 3245 5997 
3 3247 3135 3245 5998 
3 1691 3247 3245 6000 
3 1201 1206 3095 6004 
3 2782 3095 3126 6005 
3 1694 3246 1696 6006 
3 1690 1694 1696 6008 
3 3245 3246 1694 6011 
3 1694 1691 3245 6013 
3 3249 2974 2977 6016 
3 1702 3250 3247 6017 
3 3092 2974 3249 6018 
3 3247 3250 3141 6019 
3 3247 3141 3135 6021 
3 3247 1691 1702 6028 
3 1702 1731 3250 6029 
3 1702 1704 1731 6031 
3 3092 3249 3085 6033 
3 3249 3109 3101 6034 
3 3101 3255 3234 6037 
3 3241 3141 3250 6041 
3 3126 3095 1206 6042 
3 1206 3257 3126 6044 
3 1206 1205 3257 6045 
3 1242 1241 2741 6046 
3 2741 96 1242 6047 
3 3137 3257 3246 6049 
3 3137 3126 3257 6051 
3 3241 3250 1731 6057 
3 3050 3230 2935 6060 
3 3050 3261 3230 6061 
3 2269 3230 3261 6063 
3 1731 1704 1724 6064 
3 3037 3041 3050 6067 
3 1731 1732 3263 6068 
3 3263 1732 2740 6069 
3 3263 3241 1731 6070 
3 2270 2258 2159 6071 
3 3241 3263 2741 6072 
3 2740 2741 3263 6073 
3 2258 2270 3265 6075 
3 2269 3265 2270 6080 
3 428 427 2259 6087 
3 2375 2622 2655 6093 
3 3276 2356 2624 6099 
3 3276 3279 2622 6102 
3 3280 3272 3281 6105
3 3281 3276 3280 6373
3 3281 3280 3272 6366
3 1010 1285 1287 1834
3 3276 3281 3279 6106 
3 3279 2655 2622 6107 
3 2375 2328 2622 6109 
3 3085 3249 3101 6113 
3 2977 2978 3283 6119 
3 2933 2980 3282 6121 
3 3093 3090 3065 6152 
3 3093 3235 3090 6154 
3 3293 3089 3294 6157 
3 3089 3096 3087 6158 
3 3293 3096 3089 6159 
3 3283 3290 3289 6162 
3 3282 3290 3283 6163 
3 3283 3289 3295 6164 
3 3249 2977 3283 6165 
3 473 3090 3296 6166 
3 3297 3298 3289 6167 
3 473 3296 3299 6168 
3 3300 3060 400 6169 
3 3060 3300 3089 6170 
3 3295 3108 3109 6171 
3 3089 3300 3301 6172 
3 3109 3249 3295 6173 
3 3302 3289 3298 6174 
3 3101 3302 3255 6175 
3 3299 400 473 6176 
3 3299 3300 400 6177 
3 3301 3300 3299 6178 
3 2297 3242 2545 6188 
3 3156 3303 2545 6189 
3 3303 3099 3304 6191 
3 3156 2545 3242 6192 
3 2875 2968 3305 6193 
3 2968 2970 3306 6194 
3 2875 3305 3075 6196 
3 3233 3075 3305 6199 
3 3235 3311 3312 6208 
3 3311 3235 3305 6211 
3 3305 2968 3311 6212 
3 3305 3235 3233 6213 
3 3311 2968 3306 6214 
3 3313 3311 3306 6215 
3 3320 443 428 6229 
3 3321 445 443 6231 
3 52 42 2757 6233 
3 2269 3261 3323 6235 
3 2757 2756 52 6236 
3 43 42 52 6237 
3 1014 1309 1015 6238 
3 3320 3324 443 6239 
3 1014 994 41 6240 
3 3321 443 3324 6242 
3 42 41 994 6243 
3 3265 3325 3320 6244 
3 3325 3323 3324 6245 
3 3320 2259 2258 6246 
3 3324 3320 3325 6247 
3 3265 3323 3325 6248 
3 3318 1017 2773 6253 
3 3326 2773 1017 6255 
3 3320 2258 3265 6256 
3 1017 1019 1132 6257 
3 3323 3265 2269 6258 
3 3320 428 2259 6260 
3 1017 1132 3328 6262 
3 1017 3328 3326 6263 
3 1132 1155 3328 6267 
3 3329 1205 1743 6269 
3 3326 3330 2773 6270 
3 3331 3050 3041 6272 
3 3257 1205 3329 6275 
3 1734 3246 3329 6276 
3 3050 3331 3261 6277 
3 3332 3323 3261 6278 
3 3333 675 3210 6279 
3 3332 3261 3331 6280 
3 2799 3210 1758 6281 
3 3332 3334 3323 6283 
3 2805 2778 3335 6285 
3 2778 2819 3335 6286 
3 3257 3329 3246 6287 
3 1205 224 1743 6289 
3 3333 1146 675 6290 
3 3246 1734 1696 6292 
3 3330 3333 3335 6294 
3 3329 1743 1734 6295 
3 3330 3335 2819 6296 
3 1751 1740 1743 6297 
3 1751 1743 226 6298 
3 2799 3335 3210 6299 
3 3331 3211 3337 6300 
3 3210 3335 3333 6301 
3 3211 3338 3337 6302 
3 3335 2799 2805 6304 
3 3333 1155 1146 6305 
3 3331 3041 3211 6306 
3 3331 3337 3332 6309 
3 3330 1155 3333 6310 
3 1155 3330 3328 6311 
3 3330 3326 3328 6312 
3 3339 3332 3337 6313 
3 224 226 1743 6314 
3 3330 2819 2658 6315 
3 3330 2658 2773 6316 
3 1014 51 489 6317 
3 51 1014 41 6318 
3 489 1542 1014 6320 
3 3301 3341 3089 6324 
3 3299 3296 3301 6326 
3 3101 3108 3302 6327 
3 3289 3302 3108 6328 
3 3295 3289 3108 6329 
3 3090 3342 3301 6330 
3 3249 3283 3295 6332 
3 3343 3301 3342 6333 
3 3235 3312 3345 6335 
3 3334 3324 3323 6339 
3 2356 3276 2622 6340 
3 3321 453 445 6342 
3 3339 3348 3334 6347 
3 3334 3332 3339 6349 
3 3311 3313 3312 6355 
3 3313 3351 3312 6356 
3 3235 3345 3090 6357 
3 3301 3296 3090 6359 
3 3342 3090 3345 6360 
3 3345 3352 3342 6361 
3 3312 3352 3345 6364 
3 3279 3281 3358 6371 
3 3361 3358 3362 6375 
3 3361 3279 3358 6382 
3 1192 3142 3136 6385 
3 319 3321 3365 6386 
3 3306 2970 3136 6387 
3 3365 3324 3334 6388 
3 1416 3142 1198 6389 
3 319 453 3321 6390 
3 3321 3324 3365 6391 
3 308 304 3047 6393 
3 3142 3369 3136 6394 
3 3047 304 311 6395 
3 310 3211 311 6396 
3 3369 3306 3136 6397 
3 310 3338 3211 6398 
3 3306 3369 3370 6399 
3 3142 3370 3369 6401 
3 310 303 3338 6402 
3 3313 3372 3373 6404 
3 585 453 319 6405 
3 3142 3374 3370 6406 
3 317 319 3365 6407 
3 1504 1667 1669 6423 
3 3101 3234 1489 6425 
3 3234 3255 3302 6426 
3 1667 3234 3302 6428 
3 1667 1504 3234 6429 
3 3374 1532 3370 6432 
3 1533 1532 1442 6434 
3 3372 3370 1532 6435 
3 3374 3142 1416 6436 
3 3374 1416 1532 6437 
3 3313 3306 3370 6440 
3 1416 1442 1532 6441 
3 3351 3313 3373 6446 
3 3372 3313 3370 6447 
3 2656 2655 3395 6470 
3 3396 3279 3361 6475 
3 3396 2655 3279 6479 
3 2384 2656 3400 6493 
3 1544 1789 3401 6496 
3 3401 1531 1544 6497 
3 3402 3395 2655 6498 
3 3403 3402 3404 6499 
3 3396 3402 2655 6500 
3 3395 3405 2656 6501 
3 3312 3351 3352 6502 
3 3373 3401 3351 6503 
3 3402 3406 3404 6504 
3 3406 3361 3362 6505 
3 3401 1789 3407 6506 
3 3405 3395 3402 6507 
3 3401 3373 3372 6508 
3 3405 3402 3403 6509 
3 3402 3396 3361 6510 
3 3408 3404 3362 6511 
3 3362 3404 3406 6512 
3 3402 3361 3406 6513 
3 3401 1532 1531 6514 
3 3362 3409 3408 6515 
3 3372 1532 3401 6516 
3 3410 3341 3342 6518 
3 3342 3352 3410 6520 
3 3407 3410 3352 6521 
3 3407 3352 3401 6522 
3 3401 3352 3351 6523 
3 3341 3301 3343 6524 
3 3341 3343 3342 6525 
3 3400 2656 3405 6530 
3 3400 3405 3413 6531 
3 179 2982 3414 6533 
3 3400 3414 2384 6535 
3 2385 2384 3414 6537 
3 2982 2385 3414 6538 
3 178 179 3414 6540 
3 178 3414 3400 6541 
3 2546 2545 3303 6542 
3 1826 2547 2546 6543 
3 1826 2546 3303 6544 
3 3418 3303 3304 6554 
3 3156 3099 3303 6555 
3 3420 3403 3404 6559 
3 2331 3128 1860 6561 
3 3421 3128 2331 6563 
3 3140 3128 3421 6566 
3 3422 3140 3421 6567 
3 3403 1834 3405 6568 
3 308 3140 3422 6570 
3 3097 3418 3304 6581 
3 3297 3289 3423 6582 
3 308 3422 306 6583 
3 1784 3097 3293 6584 
3 1785 1784 3425 6585 
3 3298 1667 3302 6586 
3 3425 1792 1785 6587 
3 3097 3096 3293 6588 
3 1784 3293 3425 6591 
3 1684 3298 3297 6592 
3 3407 1789 1792 6594 
3 3298 1684 1667 6596 
3 3425 3293 3294 6597 
3 3421 2331 2714 6598 
3 3427 3422 3421 6599 
3 3427 3421 2714 6600 
3 3425 3407 1792 6601 
3 3297 1730 1684 6602 
3 3425 3341 3407 6603 
3 3410 3407 3341 6604 
3 3341 3425 3089 6607 
3 2714 2455 3427 6637 
3 3427 2455 3439 6646 
3 3443 306 3422 6653 
3 309 306 3443 6654 
3 3443 3422 3427 6655 
3 3439 3443 3427 6658 
3 3439 3447 3448 6664 
3 3439 3448 3443 6665 
3 3448 309 3443 6666 
3 3448 3449 3450 6668 
3 309 3448 3450 6669 
3 2455 2454 3439 6672 
3 2681 3439 2454 6676 
3 312 305 3454 6683 
3 302 305 312 6684 
3 3455 305 301 6685 
3 309 3455 301 6688 
3 3455 3464 3465 6700 
3 3465 3466 3467 6702 
3 3467 3455 3465 6704 
3 309 3450 3455 6707 
3 305 3455 3467 6708 
3 3473 3348 3339 6713 
3 3473 3339 3337 6715 
3 3338 3473 3337 6716 
3 303 312 3338 6722 
3 3338 312 3481 6741 
3 3481 3482 3473 6742 
3 3481 3483 3482 6743 
3 3338 3481 3473 6744 
3 1833 1834 3420 6771 
3 2474 1833 3420 6773 
3 2474 3420 2223 6774 
3 3408 2223 3420 6775 
3 1834 3403 3420 6776 
3 169 176 178 6778 
3 3413 3405 1834 6779 
3 3413 1834 178 6783 
3 1834 169 178 6785 
3 178 3400 3413 6787 
3 2212 3408 3409 6811 
3 3362 3502 3409 6812 
3 3362 3358 3502 6816 
3 3409 2190 2212 6818 
3 3409 3502 2184 6819 
3 3409 2184 2190 6820 
3 3089 3425 3294 6836 
3 1821 1823 1826 6838 
3 2549 2547 1826 6839 
3 1826 1823 2549 6841 
3 3418 3097 1784 6842 
3 3097 3304 3099 6843 
3 1784 1826 3418 6845 
3 1826 3303 3418 6847 
3 1067 762 770 6849 
3 1067 187 762 6851 
3 2224 2223 3408 6852 
3 3404 3408 3420 6853 
3 3508 342 3509 6854 
3 277 1924 279 6861 
3 2151 1924 2189 6863 
3 277 3508 1924 6865 
3 2212 2224 3408 6866 
3 277 342 3508 6867 
3 3509 2187 3508 6868 
3 2223 2244 2474 6869 
3 1924 3508 2189 6870 
3 2151 1921 1924 6871 
3 2189 3508 3513 6874 
3 3508 2187 3513 6876 
3 607 626 625 6877 
3 606 607 528 6878 
3 607 3514 528 6879 
3 607 625 3514 6880 
3 107 3515 108 6881 
3 3516 181 108 6882 
3 111 2275 2084 6886 
3 2084 2135 107 6887 
3 107 111 2084 6888 
3 107 2135 2187 6889 
3 3513 2152 2189 6890 
3 2152 3513 2187 6894 
3 107 2187 3515 6895 
3 3509 529 3519 6896 
3 3519 3516 3509 6905 
3 3509 3516 2187 6907 
3 2187 3516 3515 6908 
3 3365 3334 3348 6913 
3 3348 3482 317 6915 
3 317 3365 3348 6916 
3 3482 315 317 6917 
3 3482 3348 3473 6919 
3 3482 3483 315 6923 
3 3516 108 3515 6925 
3 762 175 634 6927 
3 181 3516 3525 6929 
3 174 636 175 6930 
3 174 3525 636 6933 
3 636 634 175 6934 
3 181 3525 174 6936 
3 3516 3519 3525 6943 
3 3509 342 529 6944 
3 3519 3526 3525 6945 
3 529 3526 3519 6946 
3 3526 529 528 6947 
3 3514 3526 528 6948 
3 3514 625 632 6949 
3 636 3526 3514 6950 
3 636 3525 3526 6951 
3 146 3483 3527 6952 
3 3527 312 3454 6954 
3 3454 305 3466 6958 
3 3527 3483 3481 6960 
3 3527 3481 312 6962 
3 3527 3454 3466 6963 
3 3465 34 3466 6967 
3 305 3467 3466 6969 
3 146 3527 147 6973 
3 3466 147 3527 6974 
3 150 148 147 6975 
3 3466 34 147 6976 
3 34 36 147 6977 
3 36 150 147 6984 
3 314 313 3537 6993 
3 1068 314 3537 6994 
3 3483 313 315 6996 
3 146 313 3483 6997 
3 1068 316 314 7000 
3 313 146 3537 7001 
3 146 148 3537 7002 
3 298 1068 3537 7020 
3 3537 297 298 7022 
3 3537 148 297 7023 
3 3514 632 636 7065 
3 1808 1809 3555 7084 
3 1809 1802 3555 7085 
3 3555 1802 3556 7086 
3 1671 1808 2643 7087 
3 1808 2688 2643 7088 
3 1671 1803 1808 7089 
3 3557 1808 3558 7090 
3 1808 3555 3558 7091 
3 3448 3557 3449 7094 
3 2688 3557 2681 7095 
3 3557 3448 3447 7096 
3 3557 3447 2681 7097 
3 2688 2681 2683 7098 
3 2681 3447 3439 7099 
3 1808 3557 2688 7100 
3 3557 3558 3449 7101 
3 3450 3449 3558 7102 
3 3558 3559 3450 7103 
3 3555 3559 3558 7104 
3 3555 3560 3559 7105 
3 2371 105 3563 7110 
3 2292 3563 2293 7111 
3 3563 2292 2371 7112 
3 35 3564 3563 7113 
3 105 35 3563 7114 
3 3556 2293 3563 7115 
3 1802 2293 3556 7116 
3 3560 3464 3559 7124 
3 3555 3556 3560 7125 
3 3556 3563 3560 7126 
3 3563 3564 3560 7127 
3 3465 3565 34 7128 
3 3565 3465 3464 7129 
3 3560 3565 3464 7130 
3 3464 3455 3450 7131 
3 3464 3450 3559 7132 
3 34 3565 35 7133 
3 35 3565 3564 7134 
3 3564 3565 3560 7135 
