3 12 13 14 4 
3 28 29 30 11 
3 31 32 33 12 
3 34 35 36 13 
3 37 38 39 14 
3 40 41 42 15 
3 51 38 52 19 
3 56 29 57 21 
3 58 59 60 22 
3 61 62 63 23 
3 67 65 68 25 
3 72 73 74 27 
3 75 76 77 28 
3 78 79 80 29 
3 84 85 83 31 
3 86 87 88 32 
3 94 51 95 35 
3 96 39 97 36 
3 98 97 94 37 
3 112 113 114 43 
3 115 116 117 44 
3 118 119 70 45 
3 117 120 119 46 
3 125 126 127 49 
3 131 132 133 51 
3 134 135 136 52 
3 137 138 139 53 
3 142 138 143 55 
3 147 148 127 57 
3 149 150 151 58 
3 155 156 157 60 
3 162 163 164 63 
3 167 168 169 65 
3 170 171 167 66 
3 174 175 176 68 
3 177 178 174 69 
3 179 87 180 70 
3 181 182 179 71 
3 185 186 187 73 
3 191 192 193 75 
3 194 195 196 76 
3 197 198 199 77 
3 200 201 202 78 
3 203 204 205 79 
3 177 176 206 80 
3 207 208 209 81 
3 225 226 227 88 
3 228 229 230 89 
3 231 232 233 90 
3 185 234 235 91 
3 236 237 238 92 
3 151 170 244 95 
3 245 246 247 96 
3 248 249 250 97 
3 251 252 253 98 
3 126 254 255 99 
3 256 257 258 100 
3 260 253 261 102 
3 262 263 264 103 
3 265 266 267 104 
3 268 269 270 105 
3 266 270 271 106 
3 272 273 274 107 
3 273 275 276 108 
3 277 278 279 109 
3 275 280 281 110 
3 282 283 284 111 
3 285 286 287 112 
3 290 257 291 114 
3 292 291 293 115 
3 294 295 296 116 
3 297 298 299 117 
3 300 301 302 118 
3 314 315 95 126 
3 316 314 300 127 
3 320 321 88 129 
3 231 321 322 130 
3 326 198 327 132 
3 331 332 333 135 
3 284 336 337 137 
3 345 346 347 141 
3 348 349 350 142 
3 351 352 353 143 
3 354 355 356 144 
3 357 358 292 145 
3 359 357 360 146 
3 361 362 360 147 
3 293 350 363 148 
3 364 322 182 149 
3 286 285 365 150 
3 366 287 367 151 
3 373 374 375 154 
3 376 377 378 155 
3 381 382 383 157 
3 384 385 186 158 
3 386 384 364 159 
3 336 397 398 164 
3 399 400 401 165 
3 402 403 404 166 
3 407 408 409 168 
3 410 378 337 169 
3 411 410 402 170 
3 424 425 426 179 
3 432 433 434 182 
3 438 439 440 184 
3 447 448 449 187 
3 450 451 452 188 
3 451 453 454 189 
3 463 464 465 193 
3 466 467 468 194 
3 469 470 471 195 
3 472 473 1 196 
3 474 475 476 197 
3 477 425 478 198 
3 479 480 481 199 
3 485 486 487 201 
3 439 488 434 202 
3 362 489 490 203 
3 493 494 386 205 
3 477 487 495 206 
3 494 497 498 208 
3 125 499 500 209 
3 36 148 501 210 
3 502 503 450 211 
3 504 41 501 212 
3 504 505 506 213 
3 506 301 52 214 
3 507 508 466 215 
3 502 464 509 216 
3 510 511 512 217 
3 468 512 513 218 
3 519 381 520 221 
3 411 524 525 224 
3 535 536 537 229 
3 486 540 541 231 
3 544 545 546 233 
3 547 548 549 234 
3 550 358 505 235 
3 551 454 547 236 
3 552 550 147 237 
3 544 549 553 238 
3 171 554 555 239 
3 556 557 558 240 
3 565 485 566 243 
3 567 568 569 244 
3 568 571 572 246 
3 573 574 575 247 
3 584 585 586 252 
3 585 587 588 253 
3 593 594 595 256 
3 596 282 597 257 
3 606 607 608 261 
3 596 608 609 262 
3 613 597 377 265 
3 613 614 615 266 
3 622 607 615 269 
3 623 624 553 271 
3 625 626 627 272 
3 626 634 635 276 
3 503 634 548 277 
3 636 593 637 278 
3 637 574 638 279 
3 639 640 638 280 
3 641 642 643 281 
3 653 181 654 287 
3 655 656 657 288 
3 623 625 658 289 
3 667 668 658 293 
3 689 690 691 303 
3 696 697 698 307 
3 699 700 701 308 
3 689 702 698 309 
3 703 704 705 310 
3 716 717 718 316 
3 719 438 720 317 
3 726 727 716 320 
3 551 729 727 322 
3 732 733 734 324 
3 719 738 739 326 
3 742 743 744 328 
3 754 755 756 333 
3 764 765 766 337 
3 767 765 756 338 
3 772 475 773 341 
3 778 546 779 344 
3 729 780 778 345 
3 783 545 784 347 
3 784 785 786 348 
3 787 788 789 349 
3 793 794 795 351 
3 799 800 639 353 
3 586 801 622 354 
3 802 803 804 355 
3 805 755 803 356 
3 614 806 584 357 
3 807 808 806 358 
3 495 432 811 360 
3 804 779 813 362 
3 811 815 808 364 
3 818 819 696 366 
3 587 815 822 368 
3 833 834 835 375 
3 699 838 839 378 
3 840 841 842 379 
3 852 822 853 386 
3 854 853 855 387 
3 636 864 865 393 
3 866 867 868 394 
3 869 870 871 395 
3 875 876 813 397 
3 876 783 877 398 
3 881 882 883 401 
3 870 801 883 402 
3 891 892 893 407 
3 894 895 892 408 
3 895 882 896 409 
3 897 898 864 410 
3 766 899 900 411 
3 767 901 899 412 
3 904 901 905 414 
3 667 906 907 415 
3 920 921 893 422 
3 922 923 924 423 
3 925 923 926 424 
3 833 835 927 425 
3 927 931 932 427 
3 936 937 938 429 
3 945 946 742 434 
3 952 866 953 438 
3 954 898 955 439 
3 956 957 958 440 
3 897 640 962 442 
3 963 964 931 443 
3 965 962 795 444 
3 966 967 968 445 
3 974 968 932 448 
3 974 977 978 450 
3 365 984 967 453 
3 948 985 986 454 
3 821 820 986 455 
3 805 987 905 456 
3 988 989 990 457 
3 957 965 990 458 
3 734 733 741 466 
3 1004 896 1005 467 
3 1008 1009 1010 470 
3 1011 989 1012 471 
3 1013 1014 818 472 
3 703 1015 1013 473 
3 921 920 1004 476 
3 280 1036 1037 483 
3 1041 1042 1043 485 
3 0 1044 472 486 
3 1045 1046 1047 487 
3 1048 1049 1050 488 
3 1051 1052 1053 489 
3 1054 1055 1056 490 
3 1057 1046 1058 491 
3 1059 1060 1058 492 
3 1066 1067 1068 495 
3 964 891 1075 498 
3 900 1055 1091 508 
3 1098 1099 1100 512 
3 1101 1102 1103 513 
3 244 1107 1108 515 
3 1112 1113 1114 517 
3 821 1115 823 518 
3 380 1122 1123 521 
3 1130 1131 1132 525 
3 1133 1134 1135 526 
3 408 1136 1137 527 
3 1140 1134 1141 529 
3 793 819 1140 530 
3 713 1142 1143 531 
3 1144 1145 1146 532 
3 1147 1148 1149 533 
3 1156 988 1141 537 
3 1157 881 588 538 
3 1165 1166 1167 543 
3 1168 1169 1170 545 
3 1171 1172 1173 546 
3 1133 1174 1171 547 
3 1156 1175 1176 548 
3 732 1039 1182 552 
3 1186 1187 1176 554 
3 1186 1190 1191 556 
3 1195 1196 854 559 
3 1197 1198 1199 560 
3 1200 1201 1202 561 
3 1206 1207 1107 563 
3 1210 1211 1212 565 
3 1210 316 1213 566 
3 1214 1215 1216 567 
3 507 946 1217 568 
3 1218 1219 278 569 
3 1220 1221 1222 570 
3 1221 1223 1224 571 
3 1225 1226 1227 572 
3 1231 1232 1211 575 
3 1232 1233 1234 576 
3 1236 1237 1238 578 
3 1239 1240 1241 579 
3 1242 1243 1244 580 
3 229 1245 1246 581 
3 268 1247 1248 582 
3 1250 1251 1252 584 
3 1253 1254 269 585 
3 1255 1115 1256 586 
3 1195 1091 1257 587 
3 1257 1049 1258 588 
3 489 1259 1260 589 
3 1265 1266 1267 592 
3 1266 1157 1196 593 
3 1005 1265 1100 594 
3 1240 1268 1248 595 
3 1213 490 1271 597 
3 1286 1287 1288 603 
3 1289 1290 1291 604 
3 1295 1296 1297 606 
3 1298 1299 1300 607 
3 1301 1302 1303 608 
3 1304 1305 1306 609 
3 1311 79 82 612 
3 1312 1313 1314 613 
3 1315 1316 1317 614 
3 1318 1319 1320 615 
3 1324 1325 987 618 
3 802 1326 1324 619 
3 1330 1331 1332 622 
3 1334 1335 1336 624 
3 1325 1343 1059 628 
3 1351 1108 1352 632 
3 1353 1354 1355 633 
3 1366 1367 1368 638 
3 1377 79 1378 643 
3 1379 1380 1381 644 
3 1382 1383 1384 645 
3 1330 1383 1343 646 
3 1385 1382 1384 647 
3 1391 1392 1393 650 
3 1394 1395 1396 651 
3 1397 1398 1399 652 
3 1395 1400 1401 653 
3 1397 1401 1231 654 
3 1402 1403 1218 655 
3 277 1404 1405 656 
3 1411 1412 1413 659 
3 1416 1417 1418 661 
3 1419 1403 1352 662 
3 1368 1420 1421 663 
3 1431 1037 1432 667 
3 1413 1433 1434 668 
3 1435 1436 1437 669 
3 1438 1439 1440 670 
3 1441 1442 1443 671 
3 1060 1446 1447 673 
3 1382 1448 1449 674 
3 1123 1458 1457 678 
3 1317 1463 1464 683 
3 1465 1466 1467 684 
3 1468 1411 1394 685 
3 1469 785 624 686 
3 1469 1470 1471 687 
3 1472 668 1473 688 
3 1474 1475 1476 689 
3 1477 1470 1473 690 
3 1476 1418 1420 691 
3 1485 1486 1487 695 
3 1474 1488 1489 696 
3 1490 1491 1492 697 
3 1493 1494 1495 698 
3 1496 1497 1498 699 
3 1496 945 1499 700 
3 1471 1511 1501 707 
3 1512 1513 1514 708 
3 1517 1519 1520 712 
3 877 1523 1520 715 
3 1527 1528 1529 717 
3 1535 1528 1217 720 
3 1536 1527 1421 721 
3 1537 1538 281 722 
3 1542 1336 1543 724 
3 1519 1544 1543 725 
3 1548 1549 1550 727 
3 1551 1552 1553 728 
3 1554 1555 1556 729 
3 1557 1558 1559 730 
3 1492 1564 1565 733 
3 1566 1567 1568 734 
3 1572 1566 1573 738 
3 1579 1580 1581 742 
3 1599 1600 1601 750 
3 1298 1607 1608 753 
3 1612 1613 1614 756 
3 1539 1625 1385 762 
3 1632 1633 399 766 
3 1634 295 1632 767 
3 1638 1639 1640 769 
3 1646 1647 298 773 
3 1648 1581 1649 774 
3 1366 1652 1653 776 
3 1659 156 1660 779 
3 1661 1662 1663 780 
3 1599 1664 1665 781 
3 1669 1670 1671 784 
3 1672 1673 1674 785 
3 1675 1674 1676 786 
3 1677 1438 1678 787 
3 1681 1682 1683 789 
3 1696 1678 1468 795 
3 1699 1172 1700 798 
3 385 1701 297 799 
3 1212 1702 315 800 
3 1703 1702 1704 801 
3 1704 1705 1706 802 
3 1707 1681 1708 803 
3 1709 1707 1710 804 
3 1234 1711 1712 805 
3 1015 98 1706 806 
3 1705 1713 1714 807 
3 1713 1712 1715 808 
3 1174 1233 1716 809 
3 1722 1701 498 812 
3 1646 1723 1708 813 
3 1580 1728 1729 817 
3 1634 1733 1729 820 
3 1735 1736 1737 823 
3 1735 1723 1722 824 
3 1738 1739 1740 825 
3 1741 1742 1743 826 
3 1508 1744 1745 827 
3 1746 1747 1748 828 
3 1754 1755 1756 833 
3 1757 1758 1759 834 
3 1762 1709 1763 836 
3 925 1764 1765 837 
3 1770 1771 1772 840 
3 1775 1776 1777 842 
3 1778 1638 1775 843 
3 1778 1779 1780 844 
3 1781 1782 1783 845 
3 34 1784 1785 846 
3 1763 1784 40 847 
3 1804 1805 1806 857 
3 1807 1808 1809 858 
3 1810 1811 1812 859 
3 1808 1813 1814 860 
3 1813 1815 1816 861 
3 1781 1817 1818 862 
3 1819 1820 1207 863 
3 1821 1822 1823 864 
3 1354 1824 1825 865 
3 1826 1827 1828 866 
3 1829 1830 1831 867 
3 1832 1833 1834 868 
3 963 1832 1835 869 
3 1836 1837 1838 870 
3 1839 1840 1841 871 
3 1842 1843 1844 872 
3 1845 12 1846 873 
3 1847 1848 1849 874 
3 1850 194 1851 875 
3 1764 1852 1853 876 
3 1854 1755 1855 877 
3 1844 1860 1846 881 
3 1845 1861 1862 882 
3 1670 1863 1864 883 
3 1865 1866 1867 884 
3 1191 1859 1858 885 
3 1862 1872 178 888 
3 1865 1873 1874 889 
3 1875 1876 1877 890 
3 1878 1861 1860 891 
3 1439 1879 1190 892 
3 1880 1620 1881 893 
3 1896 1897 1898 899 
3 1899 1900 1901 900 
3 938 1908 1909 904 
3 1619 1890 1912 907 
3 1913 1914 1912 908 
3 1917 1918 1919 910 
3 1920 1921 1922 911 
3 1923 1924 1925 912 
3 1926 1927 1928 913 
3 1936 1937 1923 917 
3 1859 1879 1931 918 
3 1939 1940 1941 920 
3 1942 1943 1944 921 
3 1762 1943 1921 923 
3 37 1944 42 925 
3 1953 1954 1955 929 
3 1552 1913 1957 931 
3 1913 1915 1957 932 
3 1318 1958 1959 933 
3 1959 1960 1940 934 
3 1961 1962 1963 935 
3 1964 1497 1965 936 
3 1961 936 1909 937 
3 1966 1967 1962 938 
3 1958 1968 1967 939 
3 135 86 1969 940 
3 1970 1405 1971 941 
3 1972 1538 1973 942 
3 1974 834 1878 943 
3 1975 1971 1976 944 
3 1843 1977 1978 945 
3 511 1979 1980 946 
3 1970 1975 1351 947 
3 1987 1988 1989 951 
3 1993 1992 1994 954 
3 1994 1997 1677 956 
3 85 1998 1999 957 
3 2000 2001 2002 958 
3 1831 2003 2004 959 
3 1926 2016 2017 965 
3 96 2018 1954 966 
3 2024 499 35 971 
3 2024 2025 2026 972 
3 2026 2027 772 973 
3 1785 2028 1737 974 
3 1475 2043 2044 982 
3 2045 2046 2047 983 
3 2048 2044 2049 984 
3 1267 1258 2054 987 
3 609 1834 1494 990 
3 2059 1833 2060 991 
3 1830 1829 2061 992 
3 2048 2061 2062 993 
3 469 2066 1 997 
3 76 12 14 1005 
3 12 1845 13 1006 
3 1839 13 1849 1007 
3 28 67 29 1024 
3 30 29 2072 1025 
3 30 2072 31 1027 
3 118 33 2073 1028 
3 2074 34 36 1029 
3 34 2075 35 1030 
3 36 35 2076 1031 
3 1953 37 39 1032 
3 37 2077 38 1033 
3 39 38 2078 1034 
3 2079 40 42 1035 
3 40 2074 41 1036 
3 42 41 2077 1037 
3 2085 51 52 1046 
3 51 2078 38 1047 
3 52 38 2077 1048 
3 469 2086 2087 1051 
3 2088 60 56 1052 
3 68 57 67 1053 
3 1746 61 2089 1054 
3 2086 469 2089 1055 
3 1748 2090 62 1056 
3 2091 76 2092 1057 
3 63 2093 58 1058 
3 68 2099 2087 1063 
3 2106 2107 74 1067 
3 2108 72 2093 1068 
3 73 2092 75 1069 
3 2109 2110 2111 1070 
3 2109 2073 2107 1071 
3 2112 2113 1319 1072 
3 2113 2112 84 1073 
3 1999 81 85 1074 
3 83 85 81 1075 
3 79 78 82 1076 
3 2114 86 88 1078 
3 86 2115 87 1079 
3 88 87 320 1080 
3 1703 94 95 1087 
3 94 2078 51 1088 
3 95 51 2085 1089 
3 2119 96 97 1090 
3 96 1953 39 1091 
3 97 39 2078 1092 
3 1703 98 94 1093 
3 98 2119 97 1094 
3 94 97 2078 1095 
3 2125 112 114 1109 
3 112 2126 113 1110 
3 192 113 116 1111 
3 113 120 117 1112 
3 120 113 2126 1113 
3 118 2073 2127 1115 
3 70 119 120 1116 
3 115 119 2127 1117 
3 119 115 117 1118 
3 2076 125 127 1122 
3 125 2133 126 1123 
3 127 126 249 1124 
3 656 131 133 1128 
3 131 2115 2135 1129 
3 557 132 2136 1130 
3 2137 2136 2138 1131 
3 132 2135 134 1132 
3 2139 136 1320 1133 
3 138 1662 2140 1134 
3 2141 2140 1662 1135 
3 2144 2145 2146 1139 
3 2147 2148 142 1140 
3 2149 143 137 1141 
3 249 147 127 1144 
3 147 2150 148 1145 
3 127 148 2076 1146 
3 150 2151 151 1147 
3 2151 150 247 1148 
3 2152 2153 2154 1151 
3 162 2155 155 1152 
3 500 157 2156 1153 
3 2157 2155 2158 1158 
3 162 2153 163 1159 
3 842 164 840 1160 
3 1206 167 169 1163 
3 167 2161 168 1164 
3 169 1826 2162 1165 
3 1206 170 167 1166 
3 170 2163 171 1167 
3 167 171 2161 1168 
3 174 176 177 1172 
3 178 1872 174 1173 
3 656 179 131 1174 
3 179 320 87 1175 
3 131 180 2115 1176 
3 656 181 179 1177 
3 181 787 182 1178 
3 179 182 320 1179 
3 1728 2171 296 1182 
3 185 2172 186 1183 
3 296 187 2173 1184 
3 1848 2177 2178 1188 
3 2179 2180 191 1189 
3 2181 193 2182 1190 
3 2183 2184 195 1191 
3 2185 2125 2180 1192 
3 196 2179 2177 1193 
3 407 409 2186 1194 
3 197 2187 198 1195 
3 199 2188 2189 1196 
3 2186 202 2190 1197 
3 2189 2185 201 1198 
3 2191 2192 2183 1199 
3 2193 209 205 1200 
3 2194 2190 203 1201 
3 204 2195 2192 1202 
3 176 175 206 1203 
3 2191 206 175 1204 
3 2196 2197 2198 1205 
3 2193 2191 2198 1206 
3 326 220 2205 1217 
3 137 225 2208 1224 
3 2140 226 139 1225 
3 175 237 2196 1226 
3 237 236 228 1227 
3 2197 230 207 1228 
3 2209 231 233 1229 
3 235 232 2210 1230 
3 2211 2212 2213 1231 
3 2214 2172 2210 1232 
3 185 2171 234 1233 
3 235 1579 2213 1234 
3 175 366 237 1235 
3 366 175 174 1236 
3 149 151 244 1242 
3 151 2151 2163 1243 
3 244 170 1206 1244 
3 1599 150 149 1245 
3 150 1599 1601 1246 
3 2216 2217 2218 1247 
3 2217 2216 256 1248 
3 2219 251 253 1249 
3 253 252 2221 1251 
3 2146 2149 254 1252 
3 2149 137 2218 1253 
3 255 2217 250 1254 
3 249 248 552 1255 
3 256 2208 257 1256 
3 552 258 290 1257 
3 2222 260 261 1261 
3 260 2223 253 1262 
3 261 253 2221 1263 
3 2223 2224 2225 1264 
3 2226 262 2227 1265 
3 263 2228 2229 1266 
3 2222 2230 2227 1267 
3 2231 2232 265 1268 
3 2226 267 2233 1269 
3 2234 2235 2236 1270 
3 268 1251 269 1271 
3 270 269 2237 1272 
3 272 2238 271 1273 
3 266 2234 2236 1274 
3 272 270 2237 1275 
3 2239 2238 2240 1276 
3 272 1254 273 1277 
3 2240 274 2241 1278 
3 2241 273 276 1279 
3 273 1254 2242 1280 
3 276 275 1404 1281 
3 1404 277 279 1282 
3 277 1402 278 1283 
3 276 278 2243 1284 
3 1404 275 281 1285 
3 275 2242 280 1286 
3 281 280 1537 1287 
3 2244 282 284 1288 
3 282 2245 2246 1289 
3 284 283 2247 1290 
3 1872 287 174 1291 
3 287 1872 285 1292 
3 257 2250 291 1296 
3 2250 257 2208 1297 
3 2251 292 293 1298 
3 292 290 291 1299 
3 293 291 2250 1300 
3 2173 294 296 1301 
3 294 2252 295 1302 
3 296 295 1728 1303 
3 2173 297 299 1304 
3 297 2253 2254 1305 
3 294 298 2255 1306 
3 2256 300 359 1307 
3 300 2085 301 1308 
3 359 302 2257 1309 
3 2085 314 95 1327 
3 314 2260 315 1328 
3 95 315 1703 1329 
3 2256 316 300 1330 
3 316 2260 314 1331 
3 300 314 2085 1332 
3 2209 2114 321 1336 
3 88 321 2114 1337 
3 2214 231 322 1338 
3 231 2209 321 1339 
3 322 321 320 1340 
3 2205 2125 2188 1345 
3 375 327 2187 1346 
3 2271 2272 2273 1353 
3 541 2274 331 1354 
3 2275 333 2276 1355 
3 2244 284 337 1359 
3 284 2281 336 1360 
3 337 336 2282 1361 
3 2298 2299 2300 1371 
3 2301 2302 2303 1372 
3 347 1259 2304 1373 
3 2250 2305 2306 1374 
3 348 352 349 1375 
3 350 345 2307 1376 
3 348 2305 354 1377 
3 2208 2308 2250 1378 
3 353 2309 2310 1379 
3 354 2308 355 1380 
3 2141 2311 227 1381 
3 2251 2312 292 1382 
3 357 2313 358 1383 
3 292 358 290 1384 
3 2256 359 360 1385 
3 359 2257 2313 1386 
3 360 357 2312 1387 
3 2251 361 360 1388 
3 361 2314 362 1389 
3 360 362 2256 1390 
3 2251 293 363 1391 
3 293 2250 2306 1392 
3 361 350 2307 1393 
3 787 364 182 1394 
3 364 2214 322 1395 
3 182 322 320 1396 
3 1872 984 285 1397 
3 365 285 984 1398 
3 236 238 2315 1399 
3 366 174 287 1400 
3 367 287 2316 1401 
3 379 375 2187 1408 
3 375 379 373 1409 
3 2321 2322 2323 1410 
3 376 2324 377 1411 
3 378 377 2244 1412 
3 376 2322 383 1415 
3 424 382 2325 1416 
3 376 424 2324 1417 
3 2214 384 186 1418 
3 384 2326 385 1419 
3 186 385 2173 1420 
3 787 386 364 1421 
3 386 2326 384 1422 
3 364 384 2214 1423 
3 2282 336 398 1436 
3 2342 397 2343 1437 
3 2344 2345 2346 1438 
3 1653 2347 401 1439 
3 2342 400 2346 1440 
3 2281 2348 2343 1441 
3 2349 402 404 1442 
3 402 2282 403 1443 
3 1671 403 2345 1444 
3 379 2357 408 1448 
3 197 2357 2187 1449 
3 2282 410 337 1450 
3 410 2321 2323 1451 
3 337 378 2244 1452 
3 2349 411 402 1453 
3 411 2321 410 1454 
3 402 410 2282 1455 
3 2324 424 426 1479 
3 2325 2367 2368 1480 
3 807 425 2369 1481 
3 2371 434 2372 1487 
3 434 2371 432 1488 
3 2375 438 440 1492 
3 2376 2372 488 1493 
3 447 439 2377 1494 
3 2384 447 449 1498 
3 2275 448 2273 1499 
3 452 2275 2276 1500 
3 2276 450 452 1501 
3 450 453 451 1502 
3 452 451 2384 1503 
3 2384 451 726 1504 
3 454 726 451 1505 
3 2389 463 465 1515 
3 463 2390 2391 1516 
3 332 464 2392 1517 
3 743 466 2393 1518 
3 468 2393 466 1519 
3 473 2394 2395 1520 
3 2393 2396 2395 1521 
3 0 472 1 1522 
3 472 1022 2394 1523 
3 787 474 493 1525 
3 474 2397 475 1526 
3 493 476 2398 1527 
3 485 2399 535 1528 
3 477 2400 425 1529 
3 478 425 2368 1530 
3 2401 479 2402 1531 
3 479 2390 480 1532 
3 2403 2404 2389 1533 
3 2271 487 486 1536 
3 487 2271 433 1537 
3 2271 2377 433 1538 
3 434 433 439 1539 
3 2256 362 490 1540 
3 362 2314 489 1541 
3 490 489 1313 1542 
3 787 493 386 1545 
3 493 2398 494 1546 
3 386 494 2326 1547 
3 2369 2400 495 1548 
3 477 2399 487 1549 
3 495 487 433 1550 
3 2326 494 498 1554 
3 494 2398 497 1555 
3 498 2027 2406 1556 
3 2144 2133 2156 1557 
3 125 2076 499 1558 
3 500 499 2154 1559 
3 2074 36 501 1560 
3 36 2076 148 1561 
3 501 148 2150 1562 
3 2276 502 450 1563 
3 502 2407 503 1564 
3 450 503 453 1565 
3 2150 2408 501 1566 
3 504 2409 41 1567 
3 501 41 2074 1568 
3 2077 2409 2410 1569 
3 504 2408 505 1570 
3 506 505 2411 1571 
3 2077 2410 52 1572 
3 506 2411 301 1573 
3 52 301 2085 1574 
3 743 507 466 1575 
3 2001 508 2412 1576 
3 466 2001 467 1577 
3 2407 502 509 1578 
3 502 2276 2392 1579 
3 595 464 2391 1580 
3 1746 469 2413 1581 
3 512 511 2413 1582 
3 2393 468 2396 1583 
3 468 510 512 1584 
3 513 512 471 1585 
3 2420 2421 2422 1592 
3 2423 2424 519 1593 
3 525 520 2425 1594 
3 2321 411 2425 1600 
3 411 2349 524 1601 
3 525 2427 2422 1602 
3 2424 2423 536 1614 
3 2421 2420 2432 1615 
3 537 2433 566 1616 
3 2271 486 2272 1620 
3 486 485 540 1621 
3 2403 2274 2434 1622 
3 780 544 546 1626 
3 544 2436 545 1627 
3 546 545 875 1628 
3 780 547 549 1629 
3 547 453 548 1630 
3 549 548 2437 1631 
3 2150 550 505 1632 
3 550 290 358 1633 
3 505 358 2257 1634 
3 780 551 547 1635 
3 551 726 454 1636 
3 547 454 453 1637 
3 249 552 147 1638 
3 552 290 550 1639 
3 147 550 2150 1640 
3 2436 544 553 1641 
3 544 780 549 1642 
3 553 549 2437 1643 
3 2438 2439 554 1644 
3 2440 2137 2441 1645 
3 555 2442 2443 1646 
3 2151 2444 2438 1647 
3 2445 657 556 1648 
3 2439 558 2440 1649 
3 2450 2433 2432 1654 
3 2450 1896 2451 1655 
3 485 565 540 1656 
3 567 2451 568 1657 
3 540 569 2434 1658 
3 1896 1898 571 1662 
3 2453 2401 2402 1663 
3 572 481 2404 1664 
3 2401 573 575 1665 
3 573 799 2454 1666 
3 479 574 2455 1667 
3 2457 584 586 1679 
3 584 2458 585 1680 
3 586 585 2459 1681 
3 2459 585 588 1682 
3 585 2458 587 1683 
3 588 587 852 1684 
3 2390 593 595 1691 
3 593 2461 594 1692 
3 595 594 2407 1693 
3 606 596 597 1694 
3 596 2245 282 1695 
3 597 282 2244 1696 
3 607 2467 608 1705 
3 2468 608 2467 1706 
3 2245 596 609 1707 
3 596 606 608 1708 
3 609 608 2468 1709 
3 2324 613 377 1716 
3 613 606 597 1717 
3 377 597 2244 1718 
3 606 613 615 1719 
3 613 2324 614 1720 
3 615 614 2457 1721 
3 2457 622 615 1727 
3 622 2467 607 1728 
3 615 607 606 1729 
3 2437 623 553 1733 
3 623 1472 624 1734 
3 553 624 2436 1735 
3 2478 625 627 1736 
3 625 2437 2479 1737 
3 2480 626 2481 1738 
3 2461 2481 594 1746 
3 626 2479 634 1747 
3 594 635 2407 1748 
3 453 503 548 1749 
3 503 2407 634 1750 
3 548 634 2437 1751 
3 2485 636 637 1752 
3 636 2461 593 1753 
3 637 593 2390 1754 
3 2485 637 638 1755 
3 637 2390 2455 1756 
3 638 574 2454 1757 
3 799 639 638 1758 
3 639 2486 640 1759 
3 638 640 2485 1760 
3 2461 641 643 1761 
3 641 2487 2488 1762 
3 2480 642 2489 1763 
3 246 2495 2496 1778 
3 2497 788 653 1779 
3 2498 654 655 1780 
3 2499 2445 2444 1781 
3 2499 246 2496 1782 
3 1472 623 658 1783 
3 623 2437 625 1784 
3 658 625 2478 1785 
3 2478 667 658 1795 
3 667 2508 2509 1796 
3 658 668 1472 1797 
3 2518 689 2519 1820 
3 689 799 690 1821 
3 691 573 2520 1822 
3 2521 696 2522 1831 
3 696 2523 697 1832 
3 698 800 2524 1833 
3 2525 699 2526 1834 
3 474 700 2397 1835 
3 701 474 789 1836 
3 799 689 2524 1837 
3 689 2518 702 1838 
3 698 704 2522 1839 
3 2119 703 705 1840 
3 703 2521 704 1841 
3 705 704 2518 1842 
3 2532 713 715 1854 
3 713 2533 714 1855 
3 726 2534 2384 1857 
3 718 2534 716 1858 
3 717 719 720 1859 
3 719 2372 2376 1860 
3 718 438 2375 1861 
3 754 716 727 1866 
3 716 754 717 1867 
3 726 551 727 1871 
3 551 780 729 1872 
3 727 729 2536 1873 
3 1021 734 2539 1877 
3 734 1021 732 1878 
3 855 2542 739 1882 
3 764 738 2543 1883 
3 2544 2545 2546 1884 
3 743 2547 744 1885 
3 2548 2547 2549 1886 
3 2550 2551 740 1887 
3 2551 2550 742 1888 
3 755 767 756 1900 
3 767 755 805 1901 
3 2544 2546 2567 1908 
3 764 2543 765 1909 
3 766 765 767 1910 
3 717 754 765 1911 
3 756 765 754 1912 
3 2152 772 163 1917 
3 772 2570 475 1918 
3 163 773 840 1919 
3 2572 778 779 1925 
3 778 780 546 1926 
3 779 546 875 1927 
3 2536 729 2573 1928 
3 778 2572 2573 1929 
3 1523 783 784 1933 
3 783 875 545 1934 
3 784 545 2436 1935 
3 1523 784 786 1936 
3 784 2436 785 1937 
3 786 785 1521 1938 
3 2497 2495 2574 1939 
3 2525 2526 2574 1940 
3 2523 795 2486 1944 
3 795 2523 793 1945 
3 2523 2486 800 1949 
3 639 800 2486 1950 
3 2457 586 622 1951 
3 586 2459 801 1952 
3 622 801 2467 1953 
3 2578 802 804 1954 
3 802 805 803 1955 
3 804 803 2572 1956 
3 754 2572 2579 1957 
3 803 755 2579 1958 
3 2457 614 584 1959 
3 614 2324 2580 1960 
3 584 806 2458 1961 
3 2324 807 2580 1962 
3 807 2369 808 1963 
3 806 808 2458 1964 
3 2369 495 811 1968 
3 495 433 432 1969 
3 811 432 2371 1970 
3 2578 804 813 1974 
3 804 2572 779 1975 
3 813 779 875 1976 
3 2369 811 808 1980 
3 811 2371 815 1981 
3 808 815 2458 1982 
3 2521 818 696 1985 
3 818 2583 819 1986 
3 696 819 2523 1987 
3 852 587 822 1988 
3 587 2458 815 1989 
3 822 815 2371 1990 
3 834 1974 835 2005 
3 2586 835 1974 2006 
3 840 699 841 2012 
3 699 2525 838 2013 
3 839 1600 2587 2014 
3 839 2587 2588 2015 
3 2157 2158 2588 2016 
3 822 2371 2591 2035 
3 2592 853 2591 2036 
3 2544 854 2545 2037 
3 854 852 853 2038 
3 2372 2542 2592 2039 
3 2461 636 641 2053 
3 636 2485 864 2054 
3 641 865 2487 2055 
3 642 2488 868 2056 
3 2595 867 2596 2057 
3 2478 2489 2597 2058 
3 1836 1838 894 2059 
3 869 2598 870 2060 
3 894 871 2599 2061 
3 876 2600 813 2064 
3 2578 813 2600 2065 
3 2600 876 877 2066 
3 876 875 783 2067 
3 877 783 1523 2068 
3 2459 881 883 2074 
3 881 2603 882 2075 
3 883 882 2599 2076 
3 2599 870 883 2077 
3 870 2467 801 2078 
3 883 801 2459 2079 
3 2608 891 893 2091 
3 891 1836 892 2092 
3 893 892 920 2093 
3 1836 894 892 2094 
3 894 2599 895 2095 
3 892 895 920 2096 
3 920 895 896 2097 
3 895 2599 882 2098 
3 896 882 2603 2099 
3 2485 897 864 2100 
3 897 2609 898 2101 
3 864 898 2610 2102 
3 2544 2567 900 2103 
3 766 767 899 2104 
3 900 899 2611 2105 
3 901 904 899 2106 
3 2611 899 904 2107 
3 767 805 901 2110 
3 905 901 805 2111 
3 2508 667 907 2112 
3 2595 906 2597 2113 
3 1742 2595 2596 2114 
3 2623 893 921 2133 
3 893 2623 2608 2134 
3 2624 922 924 2135 
3 922 2625 923 2136 
3 924 923 1738 2137 
3 2626 2627 958 2138 
3 925 2628 923 2139 
3 958 926 2625 2140 
3 2586 927 835 2141 
3 927 2586 2629 2142 
3 833 927 932 2145 
3 927 2629 931 2146 
3 932 931 2630 2147 
3 2550 938 937 2151 
3 938 2550 733 2152 
3 2550 945 742 2154 
3 945 1535 946 2155 
3 742 946 2631 2156 
3 2625 922 954 2165 
3 922 2624 952 2166 
3 954 953 2640 2167 
3 2625 954 956 2168 
3 2640 2487 2610 2169 
3 956 955 2609 2170 
3 2625 956 958 2171 
3 956 2609 957 2172 
3 958 957 2626 2173 
3 2609 897 962 2177 
3 897 2485 640 2178 
3 962 640 2486 2179 
3 2629 963 931 2180 
3 963 1836 964 2181 
3 931 964 2630 2182 
3 794 965 795 2183 
3 965 2609 962 2184 
3 795 962 2486 2185 
3 984 833 967 2186 
3 968 967 833 2187 
3 2630 974 932 2193 
3 974 966 968 2194 
3 932 968 833 2195 
3 966 974 978 2199 
3 974 2630 977 2200 
3 978 977 2646 2201 
3 286 967 966 2208 
3 967 286 365 2209 
3 986 985 2659 2212 
3 821 986 1250 2213 
3 2660 905 987 2214 
3 905 2660 904 2215 
3 794 988 990 2216 
3 988 2661 989 2217 
3 990 989 2626 2218 
3 2626 957 990 2219 
3 957 2609 965 2220 
3 990 965 794 2221 
3 1022 2548 2549 2231 
3 2548 1022 2539 2232 
3 2664 1004 1005 2233 
3 1004 920 896 2234 
3 1005 896 2603 2235 
3 2665 2666 1010 2242 
3 1008 1099 1009 2243 
3 2665 2667 2668 2244 
3 2669 2670 1012 2245 
3 1011 2626 989 2246 
3 1012 989 2661 2247 
3 2521 1013 818 2248 
3 1013 2671 1014 2249 
3 818 1014 2583 2250 
3 2521 703 1013 2251 
3 703 2119 1015 2252 
3 1013 1015 2671 2253 
3 2623 921 2664 2259 
3 1004 2664 921 2260 
3 1537 280 2682 2274 
3 280 1254 1036 2275 
3 1037 1253 2683 2276 
3 2684 2685 2686 2279 
3 2687 2688 2689 2280 
3 2690 2691 2692 2281 
3 472 1044 1022 2283 
3 1054 1056 2693 2284 
3 1045 2694 1046 2285 
3 2693 1047 2695 2286 
3 1057 2686 2695 2287 
3 2696 2691 1048 2288 
3 2693 1050 1054 2289 
3 2697 2698 1111 2290 
3 2698 2697 2699 2291 
3 1055 2611 1045 2292 
3 904 2694 2611 2293 
3 904 1058 1046 2294 
3 1058 904 2660 2295 
3 2660 1059 1058 2296 
3 1059 2700 2701 2297 
3 1058 1060 2702 2298 
3 978 2646 2704 2305 
3 1066 2608 2623 2306 
3 2630 964 1075 2312 
3 964 1836 891 2313 
3 977 891 2608 2314 
3 2544 900 2726 2340 
3 900 2611 1055 2341 
3 1091 1055 2727 2342 
3 1008 2664 1100 2351 
3 2664 1008 2623 2352 
3 2730 2731 2732 2353 
3 1101 2733 2734 2354 
3 1102 2668 2735 2355 
3 149 244 1108 2359 
3 244 1206 1107 2360 
3 1108 1107 1419 2361 
3 966 1109 1111 2362 
3 1109 2737 1110 2363 
3 1111 1304 1053 2364 
3 1113 2738 1114 2365 
3 2738 1113 2739 2366 
3 1115 2532 823 2367 
3 2532 1115 2740 2368 
3 444 380 1123 2375 
3 1123 1122 2757 2377 
3 2759 2760 2761 2386 
3 1130 2762 1131 2387 
3 1132 1122 2763 2388 
3 2764 1133 1135 2389 
3 1133 2765 1134 2390 
3 1135 1134 2583 2391 
3 2766 2767 1136 2392 
3 2768 2759 2761 2393 
3 1137 1132 2763 2394 
3 794 1140 1141 2398 
3 1140 2583 1134 2399 
3 1141 1134 2765 2400 
3 794 793 1140 2401 
3 793 2523 819 2402 
3 1140 819 2583 2403 
3 2533 2775 2776 2404 
3 2777 2778 2779 2405 
3 2780 2781 2782 2406 
3 2783 2784 2785 2407 
3 2786 2787 2788 2408 
3 2789 2790 2791 2409 
3 2792 2793 2794 2410 
3 2765 1156 1141 2421 
3 1156 2661 988 2422 
3 1141 988 794 2423 
3 852 2805 588 2424 
3 1157 2806 881 2425 
3 588 881 2459 2426 
3 2757 2808 1167 2438 
3 1165 2222 1166 2439 
3 1167 261 2221 2440 
3 2809 2810 1170 2444 
3 2811 2768 1168 2445 
3 1169 2766 2194 2446 
3 2765 1171 1173 2447 
3 1171 2812 1172 2448 
3 1173 1172 2813 2449 
3 2765 1133 1171 2450 
3 1133 2764 1174 2451 
3 1171 1174 2812 2452 
3 2661 1156 2814 2453 
3 1156 2765 1175 2454 
3 1176 1173 2815 2455 
3 733 732 1182 2465 
3 732 1021 1039 2466 
3 85 2817 2818 2468 
3 1939 2819 1183 2469 
3 1989 1185 2820 2470 
3 2813 1186 2815 2471 
3 1186 2669 1187 2472 
3 1176 1012 2814 2473 
3 2669 1186 1191 2477 
3 1186 2813 1190 2478 
3 1191 1190 1859 2479 
3 2544 1195 854 2486 
3 1195 2822 1196 2487 
3 854 1196 852 2488 
3 2823 2824 2825 2489 
3 1197 2826 2827 2490 
3 2828 2829 2830 2491 
3 2831 2824 2832 2492 
3 1200 2833 2834 2493 
3 2835 2836 2837 2494 
3 1207 1419 1107 2498 
3 1419 1207 2844 2499 
3 2260 1210 1212 2503 
3 1210 2846 1211 2504 
3 1212 1211 2847 2505 
3 2846 1210 2848 2506 
3 1210 2260 316 2507 
3 1213 316 2256 2508 
3 2844 1214 2849 2509 
3 1214 2850 1215 2510 
3 1216 2851 2852 2511 
3 2853 507 1217 2512 
3 507 743 2631 2513 
3 1217 946 1535 2514 
3 1402 1218 278 2515 
3 1218 2844 2849 2516 
3 2241 2243 2852 2517 
3 2757 2762 2808 2518 
3 2760 2854 1220 2519 
3 1165 1222 2222 2520 
3 1221 2854 1223 2521 
3 1226 2234 2232 2522 
3 1224 2231 2230 2523 
3 2855 2856 1243 2524 
3 1247 2234 1225 2525 
3 1243 1227 2857 2526 
3 2846 1231 1211 2533 
3 1231 2859 1232 2534 
3 1211 1232 2847 2535 
3 2847 1232 1234 2536 
3 1232 2859 2860 2537 
3 1234 1233 1711 2538 
3 2315 367 1237 2542 
3 2316 286 2699 2543 
3 1238 2697 1052 2544 
3 236 1236 2861 2545 
3 1236 1051 1239 2546 
3 2862 1241 2863 2547 
3 208 2864 2809 2548 
3 2865 2866 1242 2549 
3 1244 2857 2811 2550 
3 2865 2864 1246 2551 
3 2862 1245 2861 2552 
3 2855 2866 2863 2553 
3 1251 268 1248 2554 
3 268 2235 1247 2555 
3 1248 1247 2856 2556 
3 1250 1252 821 2559 
3 1250 269 1251 2560 
3 269 1250 1253 2561 
3 1251 2867 1252 2562 
3 2868 2737 2740 2563 
3 1252 1256 821 2564 
3 2822 1195 1257 2565 
3 1195 2544 2726 2566 
3 1257 1091 2727 2567 
3 2822 1257 1258 2568 
3 1257 1054 1049 2569 
3 1258 1049 2690 2570 
3 2869 1314 1260 2571 
3 489 2314 2304 2572 
3 2302 2870 2303 2573 
3 1098 1265 1267 2579 
3 1265 2603 1266 2580 
3 1267 1266 2822 2581 
3 2822 1266 1196 2582 
3 1266 2603 2806 2583 
3 1196 1157 2805 2584 
3 2664 1005 1100 2585 
3 1005 2603 1265 2586 
3 1100 1265 1098 2587 
3 2855 1240 1248 2588 
3 1240 1051 1268 2589 
3 1248 1268 1251 2590 
3 2846 2848 2874 2594 
3 1213 2256 490 2595 
3 2874 1271 1313 2596 
3 2891 1286 2892 2612 
3 2893 2894 2895 2613 
3 2896 2897 2898 2614 
3 2899 1289 2900 2615 
3 2901 2902 2903 2616 
3 2904 1112 2905 2617 
3 1880 2913 2914 2621 
3 2915 2916 2917 2622 
3 2918 2919 2920 2623 
3 2921 2922 2923 2624 
3 2924 2780 2925 2625 
3 1300 2926 2927 2626 
3 2928 2929 2930 2627 
3 2931 2932 2933 2628 
3 2934 2935 2936 2629 
3 2868 1255 1305 2630 
3 1255 2867 1268 2631 
3 1304 1306 1051 2632 
3 2939 2869 2870 2639 
3 2869 2939 1399 2640 
3 1396 2302 2940 2641 
3 2302 1396 2941 2642 
3 79 2139 80 2643 
3 2139 79 2138 2644 
3 805 1324 987 2651 
3 1324 1330 1325 2652 
3 987 1325 2660 2653 
3 805 802 1324 2654 
3 802 2578 1326 2655 
3 1324 1326 1331 2656 
3 1326 2578 2948 2663 
3 1335 1334 2948 2664 
3 1330 1332 1542 2668 
3 1336 1542 1334 2669 
3 2660 1325 1059 2677 
3 1325 1330 1343 2678 
3 1059 1343 2700 2679 
3 1970 1351 1352 2689 
3 1351 149 1108 2690 
3 1352 1108 1419 2691 
3 1354 2965 1355 2692 
3 1361 2965 1380 2693 
3 2973 1366 1368 2704 
3 1366 2281 1367 2705 
3 1368 1485 2974 2706 
3 2977 2971 1362 2718 
3 2977 1380 1379 2719 
3 1377 2978 2979 2720 
3 2980 2137 2979 2721 
3 1330 2981 1383 2722 
3 1384 2981 1542 2723 
3 1383 2700 1343 2724 
3 2700 1383 1382 2725 
3 1539 1384 1542 2726 
3 1384 1539 1385 2727 
3 2986 1393 1381 2733 
3 2987 2443 1391 2734 
3 1392 2441 2980 2735 
3 1315 1394 1316 2736 
3 1394 2988 1395 2737 
3 1396 1395 2941 2738 
3 2941 1397 1399 2739 
3 1397 2846 1398 2740 
3 1399 2874 1312 2741 
3 2941 1395 1401 2742 
3 1395 2988 1400 2743 
3 1401 1400 2859 2744 
3 2846 1397 1231 2745 
3 1397 2941 1401 2746 
3 1231 1401 2859 2747 
3 1403 2844 1218 2748 
3 2844 1403 1419 2749 
3 1402 1405 1970 2750 
3 1405 1402 277 2751 
3 2988 1411 1413 2757 
3 1411 2990 1412 2758 
3 1413 2991 2992 2759 
3 1417 2995 1418 2763 
3 1536 1418 2853 2764 
3 1402 1352 1403 2765 
3 1352 1402 1970 2766 
3 2973 1368 1421 2767 
3 1368 2974 1420 2768 
3 1421 1420 1536 2769 
3 1431 1537 2682 2779 
3 1250 2659 2683 2780 
3 2988 1413 1400 2781 
3 1413 2992 1433 2782 
3 1400 1434 2859 2783 
3 2927 3015 3016 2784 
3 3017 3018 1435 2785 
3 1436 3019 3020 2786 
3 1699 3021 1440 2787 
3 1438 1997 3022 2788 
3 2813 3023 3024 2789 
3 3025 2837 3026 2790 
3 1441 3027 3028 2791 
3 3029 2915 3030 2792 
3 2702 1447 3038 2796 
3 1060 2701 1446 2797 
3 1448 3039 1449 2798 
3 1382 3040 2700 2799 
3 2221 252 3042 2804 
3 444 1123 3043 2807 
3 1123 2757 1458 2808 
3 1457 1167 3042 2809 
3 1315 1317 1464 2820 
3 2940 2302 3047 2821 
3 1696 1463 3048 2822 
3 3049 3050 3051 2823 
3 3052 3053 3054 2824 
3 1466 3055 3056 2825 
3 1315 1468 1394 2826 
3 1468 2990 1411 2827 
3 1394 1411 2988 2828 
3 1472 1469 624 2829 
3 1469 1521 785 2830 
3 624 785 2436 2831 
3 1521 1469 1471 2832 
3 1469 1472 1470 2833 
3 1471 1470 1511 2834 
3 2508 3057 2509 2835 
3 1473 3057 3058 2836 
3 2974 1474 3059 2837 
3 1474 3060 1475 2838 
3 1476 1475 1416 2839 
3 1508 1477 3058 2840 
3 1477 1511 1470 2841 
3 1473 1470 1472 2842 
3 2974 3059 1420 2843 
3 1476 1416 1418 2844 
3 1420 1418 1536 2845 
3 1745 1484 1508 2854 
3 2247 283 1486 2855 
3 2246 2245 3062 2856 
3 1487 1488 3063 2857 
3 3060 1474 1489 2858 
3 1474 2974 3063 2859 
3 1493 1488 3062 2860 
3 1491 3064 1492 2861 
3 3060 1493 1495 2863 
3 1493 2245 1494 2864 
3 1495 1494 2059 2865 
3 1535 3065 1648 2866 
3 1496 3066 1497 2867 
3 1648 1498 3067 2868 
3 936 3066 937 2869 
3 1496 3065 945 2870 
3 937 1499 2550 2871 
3 3071 1510 3072 2886 
3 1431 3071 1537 2887 
3 1501 1521 1471 2889 
3 3073 3074 3075 2890 
3 3076 3077 3078 2891 
3 3079 3080 3081 2892 
3 1520 1523 1517 2898 
3 2600 1520 1519 2903 
3 1520 2600 877 2904 
3 3084 1527 1529 2907 
3 1527 1536 1528 2908 
3 1529 1528 1535 2909 
3 1536 2853 1528 2916 
3 1217 1528 2853 2917 
3 3084 2973 3086 2918 
3 1421 1527 3086 2919 
3 1538 2141 281 2920 
3 1404 281 2141 2921 
3 3087 1544 3088 2922 
3 1336 1519 1543 2924 
3 1519 1336 2600 2925 
3 3087 1542 1543 2926 
3 1542 3087 1540 2927 
3 3090 1548 3091 2930 
3 3092 2919 3093 2931 
3 3076 3094 3095 2932 
3 2302 3052 3047 2933 
3 3096 3097 3098 2934 
3 1463 1553 3048 2935 
3 3099 3100 3101 2936 
3 3102 3103 3104 2937 
3 1555 3105 3106 2938 
3 2828 3107 3108 2939 
3 3109 1537 3110 2940 
3 3111 3099 3112 2941 
3 1490 1492 1565 2948 
3 1492 3064 3118 2949 
3 1568 1564 1573 2950 
3 1604 1568 1567 2951 
3 1568 1604 1490 2952 
3 1564 3118 1575 2960 
3 3120 1574 3121 2962 
3 2211 1579 1581 2969 
3 1579 1728 1580 2970 
3 1581 1580 3084 2971 
3 1600 2525 1601 2986 
3 246 245 2525 2987 
3 1611 1353 1355 2997 
3 3016 3158 1609 2999 
3 3020 3038 3159 3000 
3 1613 3160 3039 3001 
3 1625 1448 1385 3012 
3 1382 1385 1448 3013 
3 1353 1611 3168 3014 
3 1353 3168 3170 3019 
3 1640 1631 3171 3021 
3 3172 1632 399 3022 
3 1632 2252 1633 3023 
3 399 1633 2344 3024 
3 3172 1634 1632 3025 
3 1634 1728 295 3026 
3 1632 295 2252 3027 
3 1566 1638 3171 3030 
3 1638 3173 1639 3031 
3 1640 1821 3170 3032 
3 2253 1646 2254 3041 
3 1646 3175 1647 3042 
3 298 1675 2255 3043 
3 1535 1648 1529 3044 
3 1648 3067 1581 3045 
3 1529 1649 3084 3046 
3 2281 1366 2348 3050 
3 1366 2973 1652 3051 
3 3172 2347 3176 3052 
3 1662 2148 1663 3058 
3 2147 2145 1659 3059 
3 3177 1660 3178 3060 
3 3179 3177 3178 3061 
3 3179 1599 1665 3062 
3 1976 1662 1661 3063 
3 1662 1976 3180 3064 
3 2344 1669 1671 3070 
3 1669 3181 3182 3071 
3 1671 1670 2349 3072 
3 3175 1672 3183 3073 
3 1672 3181 1673 3074 
3 1674 1669 3184 3075 
3 2252 1675 1676 3076 
3 1675 3175 3183 3077 
3 1633 1674 3184 3078 
3 3048 1677 1678 3079 
3 1677 1997 1438 3080 
3 1678 1438 3185 3081 
3 3175 1681 1683 3085 
3 1681 3187 3188 3086 
3 1672 1682 3189 3087 
3 1315 1696 1468 3100 
3 1696 3048 1678 3101 
3 1468 1678 3185 3102 
3 2990 3021 2991 3105 
3 1699 3023 1172 3106 
3 2991 1700 3192 3107 
3 2173 385 297 3108 
3 385 2326 1701 3109 
3 297 1701 2253 3110 
3 2260 1212 315 3111 
3 1212 2847 1702 3112 
3 315 1702 1703 3113 
3 1702 3193 1704 3114 
3 3193 1702 2847 3115 
3 1703 1704 1706 3116 
3 1704 3193 1705 3117 
3 1706 1705 2671 3118 
3 3194 1707 1708 3119 
3 1707 3187 1681 3120 
3 1708 1681 3175 3121 
3 3195 1709 1710 3122 
3 1709 3187 1707 3123 
3 1710 1707 3194 3124 
3 2847 1234 3193 3125 
3 1712 3193 1234 3126 
3 2671 1015 1706 3127 
3 1015 2119 98 3128 
3 1706 98 1703 3129 
3 2671 1705 1714 3130 
3 1705 3193 3196 3131 
3 1014 1713 2583 3132 
3 2583 1713 1135 3133 
3 1713 3196 1712 3134 
3 1135 1715 2764 3135 
3 3192 1174 1716 3136 
3 1174 2764 1233 3137 
3 1433 1233 2860 3138 
3 2406 3197 498 3144 
3 1722 2253 1701 3145 
3 498 1701 2326 3146 
3 3175 1646 1708 3147 
3 1646 2253 1723 3148 
3 1708 1723 3194 3149 
3 3198 1729 3199 3159 
3 1729 3198 1580 3160 
3 1728 1634 1729 3165 
3 3202 1733 3176 3166 
3 1729 3202 3199 3167 
3 3194 1735 3203 3174 
3 1735 2406 1736 3175 
3 1737 2025 3204 3176 
3 2406 1735 3197 3177 
3 1735 3194 1723 3178 
3 1722 1723 2253 3179 
3 3205 2508 3206 3180 
3 3205 3207 1744 3181 
3 1738 1740 924 3182 
3 1741 3206 1742 3183 
3 924 1743 2624 3184 
3 1757 3207 1739 3186 
3 3208 76 2091 3187 
3 3208 3209 3210 3188 
3 1738 1756 1758 3198 
3 1756 1738 1754 3199 
3 1755 3214 1756 3200 
3 2079 1762 1763 3205 
3 1762 3187 1709 3206 
3 1763 1709 3195 3207 
3 1738 2628 1754 3208 
3 925 2627 1764 3209 
3 1754 1765 1755 3210 
3 1566 3120 1776 3219 
3 3121 2219 3220 3220 
3 1777 3221 3222 3221 
3 3223 1778 3222 3222 
3 1778 3173 1638 3223 
3 1775 1638 1566 3224 
3 3223 3224 1779 3225 
3 3225 3226 3227 3226 
3 1780 3228 3229 3227 
3 169 2162 1783 3228 
3 1819 1782 3230 3229 
3 169 1819 1206 3230 
3 2075 34 1785 3231 
3 34 2074 1784 3232 
3 1785 1784 3195 3233 
3 2079 1763 40 3234 
3 1763 3195 1784 3235 
3 40 1784 2074 3236 
3 3221 3249 3250 3260 
3 3220 2225 3251 3261 
3 1805 2229 3252 3262 
3 2241 2851 3253 3263 
3 1808 1807 3254 3264 
3 1809 3255 3256 3265 
3 3223 3257 3258 3266 
3 3259 3260 3261 3267 
3 3262 1812 3263 3268 
3 3223 3264 3224 3269 
3 1808 3254 1813 3270 
3 3224 1814 3225 3271 
3 1820 3265 1816 3272 
3 1813 2850 1815 3273 
3 1820 1214 2844 3274 
3 3266 3267 1817 3275 
3 3268 3173 3229 3276 
3 1818 3228 3227 3277 
3 1206 1819 1207 3278 
3 3230 3226 3265 3279 
3 1207 1820 2844 3280 
3 3269 3270 1823 3281 
3 3267 1822 3268 3282 
3 3271 3272 3266 3283 
3 3273 3274 1824 3284 
3 3275 2161 2987 3285 
3 1825 3276 2986 3286 
3 3275 3277 1827 3287 
3 3273 1353 3270 3288 
3 1828 3269 3272 3289 
3 1974 3278 1830 3290 
3 1831 1830 3278 3291 
3 2468 1832 1834 3292 
3 1832 2629 1833 3293 
3 1834 1833 2059 3294 
3 1836 963 1837 3295 
3 963 2629 1832 3296 
3 1835 1832 2468 3297 
3 2468 3279 1835 3298 
3 869 3279 2598 3299 
3 2110 3280 1841 3300 
3 2181 3281 2178 3301 
3 115 3282 2182 3302 
3 3278 1844 1843 3303 
3 1844 3278 1974 3304 
3 76 1842 12 3305 
3 1846 12 1842 3306 
3 177 13 1845 3307 
3 13 177 3283 3308 
3 177 206 3283 3309 
3 206 2191 1850 3310 
3 3283 1851 1847 3311 
3 1755 1764 1855 3312 
3 1764 2626 1852 3313 
3 2669 3284 2670 3314 
3 1770 1853 3284 3315 
3 1853 1770 1772 3316 
3 1842 1844 1846 3323 
3 1844 1974 1860 3324 
3 1846 1860 1845 3325 
3 984 1872 1861 3326 
3 1862 1861 1872 3327 
3 2349 1670 2427 3328 
3 3182 3181 3286 3329 
3 1864 1863 3287 3330 
3 1863 3286 1867 3331 
3 3288 1866 1877 3332 
3 2420 3287 3289 3333 
3 2669 1858 3285 3334 
3 1858 2669 1191 3335 
3 1845 178 177 3342 
3 178 1845 1862 3343 
3 3189 1682 1873 3344 
3 1682 3188 1920 3345 
3 1874 1920 3292 3346 
3 3293 1896 3294 3347 
3 3289 3288 3294 3348 
3 1974 1878 1860 3349 
3 1878 984 1861 3350 
3 1860 1861 1845 3351 
3 2813 3024 1190 3352 
3 1439 3022 1879 3353 
3 1190 1879 1859 3354 
3 1936 2401 3327 3372 
3 2401 2453 3327 3373 
3 1936 1899 1901 3374 
3 1897 1896 3293 3375 
3 1901 1900 1876 3376 
3 936 938 1909 3385 
3 938 733 3334 3386 
3 1909 1908 3335 3387 
3 1890 1913 1912 3394 
3 1875 1917 1919 3400 
3 1917 3337 3338 3401 
3 1901 1918 1937 3402 
3 1875 3292 1917 3403 
3 1920 3187 1921 3404 
3 1917 1922 3337 3405 
3 1936 3339 2401 3406 
3 3339 1936 1923 3407 
3 3339 1925 1928 3408 
3 691 1927 2519 3409 
3 3339 691 2520 3410 
3 3337 1924 3338 3417 
3 1923 1918 1924 3418 
3 1879 1997 1931 3419 
3 733 2819 3334 3423 
3 2817 85 3341 3424 
3 1908 1941 3335 3425 
3 1953 1955 1944 3426 
3 1942 3337 1943 3427 
3 1944 1943 2079 3428 
3 3187 1762 1921 3431 
3 1762 2079 1943 3432 
3 1921 1943 3337 3433 
3 2077 37 42 3436 
3 37 1953 1944 3437 
3 42 1944 2079 3438 
3 1924 3346 1954 3447 
3 1942 3346 3337 3448 
3 3048 1957 1993 3452 
3 1957 3048 1552 3453 
3 1958 1966 3347 3456 
3 1960 1959 3347 3457 
3 1318 1959 85 3458 
3 1940 3341 1959 3459 
3 936 1961 3348 3460 
3 1961 1966 1962 3461 
3 1963 1962 3349 3462 
3 2209 3350 3349 3463 
3 3350 2212 1964 3464 
3 1963 1965 3348 3465 
3 1966 1961 3335 3466 
3 1909 3335 1961 3467 
3 1967 2114 1962 3468 
3 2209 1962 2114 3469 
3 1966 1958 1967 3470 
3 1958 1318 1968 3471 
3 1967 1968 2114 3472 
3 1318 135 1969 3473 
3 135 2115 86 3474 
3 1968 86 2114 3475 
3 1405 2141 1971 3476 
3 2141 1405 1404 3477 
3 351 3351 3352 3478 
3 3353 3354 3355 3479 
3 3356 3357 3358 3480 
3 834 833 1878 3481 
3 984 1878 833 3482 
3 1599 1975 1664 3483 
3 1975 1970 1971 3484 
3 1976 1971 3180 3485 
3 3210 3209 1977 3486 
3 1747 1746 3359 3487 
3 1978 3360 3361 3488 
3 3360 3359 1980 3489 
3 3362 1979 3363 3490 
3 3278 3361 3364 3491 
3 1975 149 1351 3492 
3 149 1975 1599 3493 
3 85 2818 1998 3504 
3 1992 1997 1994 3509 
3 1993 1677 3048 3513 
3 1677 1993 1994 3514 
3 1829 3370 3371 3516 
3 3372 3373 3374 3517 
3 2002 2412 3375 3518 
3 3364 3362 2003 3519 
3 3376 510 3373 3520 
3 2004 3372 3370 3521 
3 2518 1926 2017 3535 
3 2018 2016 3381 3536 
3 705 2018 3382 3537 
3 1953 96 1954 3538 
3 96 2119 3382 3539 
3 1954 2018 3381 3540 
3 2075 2024 35 3551 
3 2024 2152 499 3552 
3 35 499 2076 3553 
3 2152 2024 2026 3554 
3 2024 2075 2025 3555 
3 2026 2025 2406 3556 
3 2152 2026 772 3557 
3 2026 2406 2027 3558 
3 772 2027 2570 3559 
3 2075 1785 3204 3560 
3 1785 3195 2028 3561 
3 1737 1710 3203 3562 
3 1416 1475 3395 3580 
3 1475 3060 2043 3581 
3 2044 1495 3396 3582 
3 3397 2046 3398 3583 
3 3375 2853 2995 3584 
3 2045 2047 3399 3585 
3 2586 3400 2060 3586 
3 3401 1416 3395 3587 
3 2049 2044 3396 3588 
3 1098 1267 2667 3595 
3 1267 2822 1258 3596 
3 2667 2054 2690 3597 
3 2245 609 1494 3604 
3 609 2468 1834 3605 
3 1494 1834 2059 3606 
3 2629 2060 1833 3607 
3 2060 2629 2586 3608 
3 1974 1830 2586 3609 
3 2061 2586 1830 3610 
3 1416 3401 3399 3611 
3 2048 3400 2061 3612 
3 2045 2062 3398 3613 
3 14 13 1839 3622 
3 30 33 118 3625 
3 33 30 31 3626 
3 2088 56 68 3630 
3 57 68 56 3631 
3 61 58 2088 3632 
3 60 2088 58 3633 
3 2090 2108 62 3634 
3 63 62 2108 3635 
3 32 72 74 3640 
3 72 2108 73 3641 
3 74 73 2106 3642 
3 2106 75 2110 3643 
3 77 3280 75 3644 
3 84 80 2113 3645 
3 80 84 78 3646 
3 114 113 192 3651 
3 116 113 117 3652 
3 133 132 557 3656 
3 132 134 2139 3657 
3 136 2139 134 3658 
3 139 138 2140 3659 
3 2147 143 2149 3660 
3 143 2147 142 3661 
3 162 155 500 3662 
3 157 500 155 3663 
3 162 164 842 3664 
3 168 1826 169 3666 
3 179 180 131 3668 
3 185 187 296 3671 
3 2179 193 2181 3674 
3 193 2179 191 3675 
3 2184 196 195 3676 
3 196 2184 2179 3677 
3 197 199 200 3678 
3 201 2184 202 3679 
3 2195 202 2184 3680 
3 3417 203 205 3681 
3 203 2195 204 3682 
3 205 204 2193 3683 
3 2197 209 2193 3684 
3 209 2197 207 3685 
3 212 219 326 3688 
3 220 326 219 3689 
3 2140 227 226 3692 
3 227 2140 2141 3693 
3 237 228 2197 3694 
3 230 2197 228 3695 
3 232 235 233 3696 
3 3350 233 235 3697 
3 234 1579 235 3698 
3 238 237 366 3699 
3 1601 245 150 3701 
3 247 150 245 3702 
3 256 248 2217 3703 
3 250 2217 248 3704 
3 2149 2217 254 3705 
3 255 254 2217 3706 
3 256 258 552 3707 
3 260 262 2224 3708 
3 262 2226 263 3709 
3 2224 264 3418 3710 
3 2231 265 2226 3711 
3 267 2226 265 3712 
3 271 270 272 3713 
3 272 274 2240 3714 
3 279 278 276 3715 
3 299 298 294 3717 
3 300 302 359 3718 
3 326 327 375 3722 
3 541 333 2275 3724 
3 333 541 331 3725 
3 2299 1259 2300 3731 
3 347 346 1259 3732 
3 349 345 350 3733 
3 352 348 353 3734 
3 354 353 348 3735 
3 355 3353 3424 3736 
3 3353 355 225 3737 
3 363 350 361 3738 
3 382 376 383 3739 
3 376 382 424 3740 
3 397 2342 398 3745 
3 403 398 2342 3746 
3 400 1653 401 3747 
3 1653 400 2342 3748 
3 404 403 1671 3749 
3 409 408 197 3752 
3 426 425 807 3756 
3 440 439 447 3758 
3 448 452 449 3762 
3 452 448 2275 3763 
3 465 464 332 3764 
3 467 510 468 3765 
3 474 476 493 3768 
3 477 478 535 3769 
3 480 463 481 3770 
3 488 2372 434 3771 
3 497 2027 498 3773 
3 508 2001 466 3774 
3 509 464 595 3775 
3 2423 520 525 3778 
3 520 2423 519 3779 
3 524 2427 525 3780 
3 2423 2433 536 3786 
3 537 536 2433 3787 
3 2439 555 554 3788 
3 555 2439 2442 3789 
3 2445 556 2439 3790 
3 558 2439 556 3791 
3 567 565 2433 3793 
3 566 2433 565 3794 
3 567 569 540 3795 
3 1898 481 571 3796 
3 572 571 481 3797 
3 575 574 479 3798 
3 627 626 2480 3807 
3 626 635 594 3808 
3 643 642 2480 3809 
3 2497 654 2498 3810 
3 654 2497 653 3811 
3 2498 657 2445 3812 
3 657 2498 655 3813 
3 690 573 691 3822 
3 697 800 698 3823 
3 700 474 701 3824 
3 702 704 698 3825 
3 720 438 718 3829 
3 738 764 739 3833 
3 855 739 764 3834 
3 2548 741 2551 3836 
3 742 744 2551 3837 
3 772 773 163 3844 
3 788 2497 789 3846 
3 701 789 2497 3847 
3 838 1600 839 3849 
3 841 839 842 3850 
3 636 865 641 3854 
3 867 642 868 3855 
3 642 867 2595 3856 
3 869 871 894 3857 
3 906 2595 907 3861 
3 1742 907 2595 3862 
3 925 926 958 3866 
3 922 952 954 3869 
3 953 954 952 3870 
3 954 955 956 3871 
3 734 741 2548 3882 
3 1009 2665 1010 3883 
3 2665 1009 2667 3884 
3 1036 1253 1037 3889 
3 1042 3454 2685 3890 
3 2696 2685 3454 3891 
3 1045 1047 2693 3892 
3 2696 1050 2693 3893 
3 1050 2696 1048 3894 
3 1052 2697 1053 3895 
3 1111 1053 2697 3896 
3 1056 1055 1045 3897 
3 966 978 3455 3898 
3 2704 3456 978 3899 
3 1075 891 977 3903 
3 1099 1008 1100 3913 
3 2731 3462 1103 3914 
3 1101 2665 3463 3915 
3 2731 1102 3464 3916 
3 1110 1304 1111 3918 
3 966 3465 1109 3919 
3 3465 966 1112 3920 
3 1131 1122 1132 3926 
3 2767 1132 1136 3927 
3 1137 1136 1132 3928 
3 3480 3481 3482 3931 
3 3480 3483 2778 3932 
3 3484 1146 3485 3933 
3 3486 3487 1144 3934 
3 1145 3488 3489 3935 
3 3490 3491 3492 3936 
3 3490 3493 3494 3937 
3 1166 261 1167 3941 
3 2810 1168 1170 3942 
3 1168 2767 1169 3943 
3 1170 1169 3417 3944 
3 1175 1173 1176 3945 
3 1182 1039 1184 3946 
3 1939 1185 1989 3947 
3 1185 1939 1183 3948 
3 1187 1012 1176 3949 
3 3499 2825 1199 3950 
3 3500 1198 3501 3951 
3 1557 3502 3503 3952 
3 3504 2832 1202 3953 
3 1200 2836 1201 3954 
3 3504 2835 1914 3955 
3 1214 1216 1219 3959 
3 1130 1222 1165 3960 
3 1222 1130 1220 3961 
3 1226 2231 1223 3962 
3 1224 1223 2231 3963 
3 1247 1227 1243 3964 
3 1227 1247 1225 3965 
3 367 2697 1237 3966 
3 1238 1237 2697 3967 
3 1236 1239 2862 3968 
3 1241 2862 1239 3969 
3 2865 1244 2810 3970 
3 1244 2865 1242 3971 
3 1245 2865 1246 3972 
3 2865 1245 2862 3973 
3 1255 1256 1252 3974 
3 1260 1259 2869 3975 
3 1213 1271 2874 3976 
3 3509 1287 3510 3988 
3 3511 1066 3512 3989 
3 1288 3513 2897 3990 
3 3514 1290 3515 3991 
3 3516 1113 3517 3992 
3 1291 3518 3519 3993 
3 2917 3526 3527 3997 
3 3528 3529 3527 3998 
3 2922 1300 2923 3999 
3 1300 2922 2926 4000 
3 2929 3530 1303 4001 
3 3531 3532 1301 4002 
3 1302 3533 3534 4003 
3 1255 1306 1305 4004 
3 1306 1255 1268 4005 
3 1399 1312 2869 4007 
3 1314 2869 1312 4008 
3 1316 1396 1317 4009 
3 1319 2113 1320 4010 
3 2139 1320 2113 4011 
3 1331 1326 1332 4014 
3 1334 1332 1326 4015 
3 1335 2600 1336 4016 
3 1367 1485 1368 4029 
3 2978 1377 2971 4036 
3 2978 1381 3535 4038 
3 1381 2978 1379 4039 
3 3276 1391 1393 4042 
3 1391 2442 1392 4043 
3 1393 1392 3535 4044 
3 1398 2874 1399 4045 
3 1412 2991 1413 4046 
3 1432 1037 985 4056 
3 1413 1434 1400 4057 
3 3544 3545 3546 4058 
3 1435 3547 1436 4059 
3 3546 1437 3548 4060 
3 1440 1439 1699 4061 
3 2836 1441 1443 4062 
3 3549 1442 3029 4063 
3 3026 3549 1881 4064 
3 1446 3160 1447 4067 
3 3160 1446 3040 4068 
3 1382 1449 3040 4069 
3 1458 1167 1457 4070 
3 1464 1463 1696 4071 
3 3096 3554 3555 4072 
3 3054 3556 1465 4073 
3 3555 1467 3557 4074 
3 283 1487 1486 4077 
3 1487 283 1488 4078 
3 1489 1488 1493 4079 
3 1496 1498 1648 4080 
3 1496 1499 937 4081 
3 1510 3071 1431 4084 
3 3558 3073 3075 4085 
3 3558 3559 3077 4086 
3 1540 3087 1541 4092 
3 1544 3087 1543 4094 
3 3560 3561 1549 4096 
3 3562 1296 3563 4097 
3 1550 3564 3094 4098 
3 3096 3098 1463 4099 
3 1553 1463 1551 4100 
3 3071 3102 3565 4101 
3 3566 3567 1554 4102 
3 3568 1556 3101 4103 
3 3569 3570 3571 4104 
3 3099 3111 3571 4105 
3 1565 1564 1568 4108 
3 1573 1564 1572 4110 
3 1574 3120 1575 4111 
3 1609 3157 1610 4124 
3 3157 1609 3156 4125 
3 3548 1612 1614 4126 
3 1612 3160 1613 4127 
3 3158 1613 3156 4128 
3 1639 1821 1640 4136 
3 1647 1675 298 4138 
3 1648 1649 1529 4139 
3 1652 3202 1653 4141 
3 2147 1659 3177 4144 
3 1660 3177 1659 4145 
3 1661 1663 3177 4146 
3 1664 1661 1665 4147 
3 1661 1664 1976 4148 
3 1673 1669 1674 4151 
3 1676 1674 1633 4152 
3 1683 1682 1672 4153 
3 1699 1700 2991 4154 
3 1711 2764 1712 4155 
3 1714 1713 1014 4156 
3 1713 1715 1135 4157 
3 1716 1233 1433 4158 
3 1733 3202 1729 4161 
3 1736 2025 1737 4162 
3 1739 1741 1740 4163 
3 1741 1739 3207 4164 
3 1741 1743 924 4165 
3 1744 3207 1745 4166 
3 1747 2090 1748 4167 
3 2090 1747 3209 4168 
3 925 1765 1754 4177 
3 3120 1777 1776 4181 
3 1777 3120 3595 4182 
3 3224 3228 1779 4183 
3 1780 1779 3228 4184 
3 1782 1819 1783 4185 
3 169 1783 1819 4186 
3 3595 3251 3598 4199 
3 3251 3418 1804 4200 
3 3598 1806 3599 4201 
3 1215 1807 3262 4202 
3 1809 3262 1807 4203 
3 3259 3261 3262 4204 
3 1812 3262 1810 4205 
3 1808 1814 3224 4206 
3 1815 1820 1816 4207 
3 1820 1815 1214 4208 
3 3267 3228 1817 4209 
3 1818 1817 3228 4210 
3 1822 3267 1823 4211 
3 3269 1823 3267 4212 
3 3274 1825 1824 4213 
3 1825 3274 3276 4214 
3 3274 1828 1827 4215 
3 1828 3274 3269 4216 
3 1837 1835 1838 4217 
3 869 1838 1835 4218 
3 1840 2110 1841 4219 
3 2110 1840 3281 4220 
3 3283 1849 13 4221 
3 1849 3283 1847 4222 
3 206 1850 3283 4223 
3 1851 3283 1850 4224 
3 1852 1011 1853 4225 
3 1772 1855 1853 4226 
3 1855 1772 1854 4227 
3 1670 1864 2427 4228 
3 1866 3288 1867 4229 
3 1863 1867 3288 4230 
3 1682 1874 1873 4231 
3 1874 1682 1920 4232 
3 1876 3288 1877 4233 
3 3288 1876 1900 4234 
3 1897 1899 1898 4247 
3 1919 1918 1901 4251 
3 1920 1922 1917 4252 
3 1923 1925 3339 4253 
3 1927 691 1928 4254 
3 3339 1928 691 4255 
3 1937 1918 1923 4258 
3 1939 1941 1908 4259 
3 1955 1954 1942 4263 
3 1960 3335 1940 4265 
3 3350 1964 1963 4266 
3 1965 1963 1964 4267 
3 1969 86 1968 4268 
3 3614 3615 3357 4269 
3 3614 3353 3355 4270 
3 3209 1978 1977 4271 
3 1978 3209 3360 4272 
3 1979 3362 1980 4273 
3 3360 1980 3362 4274 
3 1988 3369 1989 4278 
3 3372 3374 3616 4282 
3 2002 3616 2000 4283 
3 3362 2004 2003 4284 
3 2004 3362 3372 4285 
3 2016 2018 2017 4291 
3 705 2017 2018 4292 
3 2028 1710 1737 4296 
3 2043 1495 2044 4303 
3 3616 2047 2046 4304 
3 2047 3616 1417 4305 
3 2048 2049 2060 4306 
3 1267 2054 2667 4311 
3 2048 2062 2045 4316 
3 76 14 1839 4318 
3 1839 1849 1848 4319 
3 2072 29 59 4324 
3 2072 32 31 4325 
3 32 2072 59 4326 
3 33 32 2073 4327 
3 2086 2088 2087 4333 
3 68 2087 2088 4334 
3 60 59 56 4335 
3 29 56 59 4336 
3 57 29 67 4337 
3 1746 2089 469 4338 
3 2088 2089 61 4339 
3 2089 2088 2086 4340 
3 1746 1748 61 4341 
3 62 61 1748 4342 
3 2090 2092 2108 4343 
3 2092 2090 2091 4344 
3 61 63 58 4345 
3 63 2108 2093 4346 
3 58 2093 59 4347 
3 2099 68 65 4353 
3 2099 469 2087 4354 
3 469 2099 2066 4355 
3 2073 32 2107 4362 
3 74 2107 32 4363 
3 32 2093 72 4364 
3 2093 32 59 4365 
3 2106 73 75 4366 
3 73 2108 2092 4367 
3 75 2092 76 4368 
3 2073 3282 115 4369 
3 3282 2073 2109 4370 
3 2110 2109 2106 4371 
3 2107 2106 2109 4372 
3 85 1319 1318 4373 
3 1319 85 2112 4374 
3 2112 85 84 4375 
3 78 84 82 4376 
3 2125 114 192 4389 
3 192 116 115 4390 
3 118 2127 119 4391 
3 115 2127 2073 4392 
3 2133 2144 126 4399 
3 656 133 557 4402 
3 131 2135 132 4403 
3 557 2136 2137 4404 
3 2136 132 2138 4405 
3 2139 2138 132 4406 
3 2135 2115 134 4407 
3 135 134 2115 4408 
3 136 135 1320 4409 
3 1318 1320 135 4410 
3 2145 2149 2146 4414 
3 2149 2145 2147 4415 
3 2148 138 142 4416 
3 138 2148 1662 4417 
3 143 138 137 4418 
3 2151 247 246 4419 
3 2153 162 2154 4420 
3 500 2154 162 4421 
3 2155 2157 155 4422 
3 156 155 2157 4423 
3 157 2144 2156 4424 
3 2144 157 156 4425 
3 2155 842 2158 4426 
3 842 2155 162 4427 
3 2153 2152 163 4428 
3 164 163 840 4429 
3 168 2161 1826 4433 
3 2162 1826 3271 4434 
3 2163 2151 171 4435 
3 180 87 2115 4438 
3 2171 185 296 4443 
3 2172 2214 186 4444 
3 187 186 2173 4445 
3 2177 2181 2178 4452 
3 2181 2177 2179 4453 
3 2180 192 191 4454 
3 192 2180 2125 4455 
3 193 115 2182 4456 
3 115 193 192 4457 
3 2191 2183 194 4458 
3 195 194 2183 4459 
3 2184 3623 2179 4460 
3 2180 2179 2185 4461 
3 194 196 1848 4462 
3 2177 1848 196 4463 
3 409 200 2186 4464 
3 200 409 197 4465 
3 200 199 2189 4466 
3 199 198 2188 4467 
3 2189 2188 2125 4468 
3 407 2186 2190 4469 
3 2186 200 202 4470 
3 2190 202 2195 4471 
3 200 2189 201 4472 
3 2189 2125 2185 4473 
3 201 2185 3623 4474 
3 2195 2183 2192 4475 
3 2183 2195 2184 4476 
3 208 3417 209 4477 
3 205 209 3417 4478 
3 3417 2194 203 4479 
3 2194 407 2190 4480 
3 203 2190 2195 4481 
3 2193 2192 2191 4482 
3 2192 2193 204 4483 
3 175 2198 2191 4484 
3 2198 175 2196 4485 
3 2193 2198 2197 4486 
3 326 2204 212 4495 
3 225 139 226 4506 
3 139 225 137 4507 
3 2196 237 2197 4508 
3 228 236 229 4509 
3 230 229 207 4510 
3 208 207 229 4511 
3 2209 233 3350 4512 
3 231 2210 232 4513 
3 2210 231 2214 4514 
3 3350 2213 2212 4515 
3 2213 3350 235 4516 
3 2172 185 2210 4517 
3 235 2210 185 4518 
3 2171 1579 234 4519 
3 1579 2171 1728 4520 
3 2213 1579 2211 4521 
3 151 2163 170 4526 
3 2208 2216 137 4527 
3 2218 137 2216 4528 
3 2216 2208 256 4529 
3 2144 254 126 4530 
3 254 2144 2146 4531 
3 2149 2218 2217 4532 
3 126 250 249 4533 
3 250 126 255 4534 
3 248 256 552 4535 
3 258 257 290 4536 
3 2223 2219 253 4537 
3 2219 2223 2225 4538 
3 2223 260 2224 4539 
3 2225 2224 3624 4540 
3 260 2222 262 4541 
3 2227 262 2222 4542 
3 3418 263 3625 4543 
3 263 2226 2228 4544 
3 2229 2233 3626 4545 
3 2230 2231 2227 4546 
3 2226 2227 2231 4547 
3 2232 2234 265 4548 
3 266 265 2234 4549 
3 267 266 2233 4550 
3 2239 2233 266 4551 
3 2235 268 2236 4552 
3 270 2236 268 4553 
3 2237 269 1254 4554 
3 2239 271 2238 4555 
3 271 2239 266 4556 
3 266 2236 270 4557 
3 272 2237 1254 4558 
3 2238 272 2240 4559 
3 274 273 2241 4560 
3 273 2242 275 4561 
3 1404 279 276 4562 
3 276 2243 2241 4563 
3 2242 1254 280 4564 
3 282 2246 283 4565 
3 284 2247 2281 4566 
3 2173 299 294 4569 
3 297 2254 298 4570 
3 294 2255 2252 4571 
3 302 301 2257 4572 
3 2204 326 375 4579 
3 326 2205 198 4580 
3 2188 198 2205 4581 
3 327 198 2187 4582 
3 2272 2275 2273 4586 
3 2275 2272 541 4587 
3 2274 332 331 4588 
3 332 2274 2403 4589 
3 333 332 2276 4590 
3 3632 3633 3634 4611 
3 346 345 3634 4612 
3 2299 3635 1259 4613 
3 3635 2299 2301 4614 
3 345 347 2314 4615 
3 2304 2314 347 4616 
3 2305 350 2306 4617 
3 350 2305 348 4618 
3 352 351 349 4619 
3 345 349 351 4620 
3 2307 345 2314 4621 
3 2305 2250 354 4622 
3 2308 354 2250 4623 
3 351 353 3351 4624 
3 353 354 2309 4625 
3 3353 3636 3424 4626 
3 2308 2208 355 4627 
3 225 355 2208 4628 
3 2311 3354 3637 4629 
3 227 2311 3637 4630 
3 2312 357 292 4631 
3 2313 2257 358 4632 
3 359 2313 357 4633 
3 360 2312 2251 4634 
3 2251 363 361 4635 
3 293 2306 350 4636 
3 361 2307 2314 4637 
3 238 367 2315 4638 
3 367 238 366 4639 
3 2316 287 286 4640 
3 2322 376 2323 4641 
3 378 2323 376 4642 
3 2321 383 2322 4643 
3 383 2321 381 4644 
3 381 2367 382 4645 
3 2325 382 2367 4646 
3 2282 398 403 4659 
3 336 2343 397 4660 
3 2343 336 2281 4661 
3 403 2346 2345 4662 
3 2346 403 2342 4663 
3 3172 399 2347 4664 
3 401 2347 399 4665 
3 399 2346 400 4666 
3 2346 399 2344 4667 
3 1653 2342 2348 4668 
3 2343 2348 2342 4669 
3 2349 404 1671 4670 
3 1671 2345 2344 4671 
3 2357 197 408 4678 
3 2357 379 2187 4679 
3 410 2323 378 4680 
3 2324 426 807 4691 
3 424 2368 425 4692 
3 2368 424 2325 4693 
3 2384 2375 447 4697 
3 440 447 2375 4698 
3 438 488 439 4699 
3 488 438 2376 4700 
3 447 2377 2271 4701 
3 2384 449 452 4708 
3 447 2271 448 4709 
3 2273 448 2271 4710 
3 2403 465 332 4713 
3 465 2403 2389 4714 
3 463 2391 464 4715 
3 332 2392 2276 4716 
3 1022 2393 2394 4717 
3 2395 2394 2393 4718 
3 513 473 2396 4719 
3 2395 2396 473 4720 
3 472 2394 473 4721 
3 1 470 469 4722 
3 2397 840 475 4723 
3 476 475 2398 4724 
3 2399 477 535 4725 
3 2400 2369 425 4726 
3 535 478 2367 4727 
3 2368 2367 478 4728 
3 2402 479 481 4729 
3 480 2390 463 4730 
3 481 463 2404 4731 
3 2389 2404 463 4732 
3 2377 439 433 4733 
3 2400 477 495 4734 
3 2399 485 487 4735 
3 497 2398 2027 4739 
3 2133 125 2156 4740 
3 500 2156 125 4741 
3 2154 499 2152 4742 
3 2408 504 501 4743 
3 2409 2077 41 4744 
3 2409 504 2410 4745 
3 506 2410 504 4746 
3 2408 2150 505 4747 
3 2411 505 2257 4748 
3 2410 506 52 4749 
3 2411 2257 301 4750 
3 507 2412 508 4751 
3 2412 507 2853 4752 
3 467 2001 510 4753 
3 2407 509 595 4754 
3 502 2392 464 4755 
3 595 2391 2390 4756 
3 1746 2413 511 4757 
3 512 2413 469 4758 
3 2396 468 513 4759 
3 471 512 469 4760 
3 2421 525 2422 4771 
3 525 2421 2423 4772 
3 2424 381 519 4773 
3 381 2424 2367 4774 
3 520 381 2425 4775 
3 2321 2425 381 4776 
3 2425 411 525 4778 
3 524 2349 2427 4779 
3 2422 2427 2420 4780 
3 2367 2424 535 4794 
3 536 535 2424 4795 
3 2423 2421 2433 4796 
3 2432 2433 2421 4797 
3 535 537 485 4798 
3 566 485 537 4799 
3 2272 486 541 4800 
3 541 540 2274 4801 
3 2434 2274 540 4802 
3 2151 2438 171 4803 
3 554 171 2438 4804 
3 2439 2440 3645 4805 
3 2441 2442 3645 4806 
3 171 555 2161 4807 
3 2443 2161 555 4808 
3 2444 2445 2438 4809 
3 2439 2438 2445 4810 
3 657 656 556 4811 
3 557 556 656 4812 
3 558 557 2440 4813 
3 2137 2440 557 4814 
3 1896 2450 2420 4819 
3 2432 2420 2450 4820 
3 2433 2450 567 4821 
3 2451 567 2450 4822 
3 565 567 540 4823 
3 2451 1896 568 4824 
3 569 2403 2434 4825 
3 2403 569 568 4826 
3 1896 571 568 4828 
3 1898 2402 481 4829 
3 2402 1898 2453 4830 
3 568 2404 2403 4831 
3 2404 568 572 4832 
3 2401 575 479 4833 
3 573 2454 574 4834 
3 479 2455 2390 4835 
3 2478 627 2480 4860 
3 625 2479 626 4861 
3 2480 2481 2461 4862 
3 2481 626 594 4865 
3 2479 2437 634 4866 
3 635 634 2407 4867 
3 637 2455 574 4868 
3 638 2454 799 4869 
3 2461 643 2480 4870 
3 641 2488 642 4871 
3 2480 2489 2478 4872 
3 2495 2498 2496 4880 
3 2498 2495 2497 4881 
3 788 181 653 4882 
3 181 788 787 4883 
3 654 656 655 4884 
3 656 654 181 4885 
3 246 2444 2151 4886 
3 2444 246 2499 4887 
3 2445 2496 2498 4888 
3 2496 2445 2499 4889 
3 667 2509 668 4901 
3 2519 689 691 4908 
3 690 799 573 4909 
3 2520 573 2401 4910 
3 2522 696 698 4911 
3 697 2523 800 4912 
3 2524 800 799 4913 
3 2526 699 701 4914 
3 699 840 700 4915 
3 2397 700 840 4916 
3 789 474 787 4917 
3 2524 689 698 4918 
3 702 2518 704 4919 
3 2522 704 2521 4920 
3 2534 718 2384 4928 
3 2534 726 716 4929 
3 717 720 718 4930 
3 719 2376 438 4931 
3 718 2375 2384 4932 
3 727 2536 754 4934 
3 2372 739 2542 4939 
3 739 2372 719 4940 
3 719 2543 738 4941 
3 2543 719 717 4942 
3 855 2546 2545 4943 
3 2546 855 764 4944 
3 2547 2548 744 4945 
3 2551 744 2548 4946 
3 2547 743 2549 4947 
3 2393 2549 743 4948 
3 2550 740 733 4949 
3 2546 766 2567 4966 
3 766 2546 764 4967 
3 2543 717 765 4968 
3 2570 2398 475 4972 
3 773 475 840 4973 
3 754 2573 2572 4976 
3 2573 754 2536 4977 
3 778 2573 729 4978 
3 246 2525 2495 4979 
3 2574 2495 2525 4980 
3 701 2574 2526 4981 
3 2574 701 2497 4982 
3 754 2579 755 4986 
3 803 2579 2572 4987 
3 614 2580 806 4988 
3 2580 807 806 4989 
3 841 699 839 4998 
3 838 2525 1600 4999 
3 2587 1600 1599 5000 
3 1599 2157 2587 5001 
3 2588 2587 2157 5002 
3 842 839 2158 5003 
3 2588 2158 839 5004 
3 822 2591 853 5007 
3 2372 2591 2371 5008 
3 2591 2372 2592 5009 
3 2545 854 855 5010 
3 855 853 2542 5011 
3 2592 2542 853 5012 
3 865 864 2487 5018 
3 2487 866 2488 5019 
3 868 2488 866 5020 
3 866 2596 867 5021 
3 2596 866 2624 5022 
3 642 2595 2489 5023 
3 2597 2489 2595 5024 
3 1838 869 894 5025 
3 2598 2467 870 5026 
3 871 870 2599 5027 
3 864 2610 2487 5033 
3 2567 766 900 5034 
3 2508 907 1742 5037 
3 667 2597 906 5038 
3 2597 667 2478 5039 
3 1742 2596 2624 5040 
3 2627 925 958 5056 
3 2628 1738 923 5057 
3 926 923 2625 5058 
3 742 2631 743 5063 
3 952 2624 866 5070 
3 953 866 2640 5071 
3 2487 2640 866 5072 
3 954 2640 898 5073 
3 2610 898 2640 5074 
3 955 898 2609 5075 
3 2646 977 2608 5088 
3 986 2659 1250 5102 
3 1022 2549 2393 5107 
3 2548 2539 734 5108 
3 2623 1008 3665 5109 
3 1010 3666 1008 5110 
3 1099 1098 1009 5111 
3 2667 1009 1098 5112 
3 2668 2667 2690 5113 
3 2670 1011 1012 5114 
3 2682 280 1037 5127 
3 1036 1254 1253 5128 
3 2683 1253 1250 5129 
3 1057 2684 2686 5130 
3 2684 1041 1043 5131 
3 2686 2685 2696 5132 
3 1041 2687 2689 5133 
3 2687 2780 2688 5134 
3 1042 2688 3672 5135 
3 2696 3673 2691 5136 
3 2692 3673 3454 5137 
3 1056 1045 2693 5138 
3 2694 904 1046 5139 
3 1047 1057 2695 5140 
3 1057 1047 1046 5141 
3 2686 2693 2695 5142 
3 2693 2686 2696 5143 
3 2691 1049 1048 5144 
3 1049 2691 2690 5145 
3 1050 1049 1054 5146 
3 2698 966 1111 5147 
3 966 2699 286 5148 
3 2699 966 2698 5149 
3 2694 1045 2611 5150 
3 1059 2701 1060 5151 
3 1058 2702 1057 5152 
3 2608 2704 2646 5155 
3 2704 2608 1068 5156 
3 2630 1075 977 5163 
3 2726 900 1091 5190 
3 2727 1055 1054 5191 
3 2780 3680 2688 5196 
3 3681 2896 3462 5197 
3 2688 2732 3672 5198 
3 2898 3682 2733 5199 
3 3683 2623 3665 5200 
3 2734 3666 2666 5201 
3 3454 3464 2692 5202 
3 1102 3463 2668 5203 
3 2692 2735 2690 5204 
3 1110 2737 1304 5210 
3 1053 1304 1051 5211 
3 2738 2737 3465 5212 
3 1109 3465 2737 5213 
3 2737 2739 3684 5214 
3 2739 2737 2738 5215 
3 2532 2740 2737 5216 
3 2760 1130 2761 5233 
3 1132 2761 1130 5234 
3 2762 2757 1131 5235 
3 1122 1131 2757 5236 
3 2763 1122 379 5237 
3 407 2766 408 5238 
3 1136 408 2766 5239 
3 2767 2761 1132 5240 
3 2761 2767 2768 5241 
3 408 2763 379 5242 
3 2763 408 1137 5243 
3 3707 3708 2776 5252 
3 3709 2775 1143 5253 
3 3481 3710 3482 5254 
3 713 3711 1142 5255 
3 3712 3711 3713 5256 
3 3714 3715 3716 5257 
3 2777 3717 3716 5258 
3 3714 2781 2785 5259 
3 3718 3485 2783 5260 
3 2784 3489 3715 5261 
3 3719 2788 3484 5262 
3 3720 1149 2786 5263 
3 2787 3492 3487 5264 
3 3488 2791 3710 5265 
3 3721 2790 3722 5266 
3 3721 3722 3724 5270 
3 2792 2794 3724 5271 
3 2805 1157 588 5282 
3 2806 2603 881 5283 
3 2808 1165 1167 5284 
3 1166 2222 261 5285 
3 208 1170 3417 5286 
3 1170 208 2809 5287 
3 2810 2811 1168 5288 
3 2811 2759 2768 5289 
3 1168 2768 2767 5290 
3 3417 1169 2194 5291 
3 1169 2767 2766 5292 
3 2194 2766 407 5293 
3 2812 3192 1172 5294 
3 2812 1174 3192 5295 
3 2814 1156 1176 5296 
3 1175 2765 1173 5297 
3 2815 1173 2813 5298 
3 733 1182 1184 5299 
3 2817 1989 2818 5300 
3 1989 2817 3732 5301 
3 2819 1184 1183 5302 
3 1184 2819 733 5303 
3 2815 1186 1176 5306 
3 1187 2669 1012 5307 
3 2814 1012 2661 5308 
3 3733 3499 3502 5309 
3 3733 3079 3734 5310 
3 2831 3735 2826 5311 
3 3736 1913 3737 5312 
3 2827 3051 3738 5313 
3 3503 3500 2829 5314 
3 3501 3739 3740 5315 
3 2830 3741 3742 5316 
3 3736 3735 3743 5317 
3 3504 1914 3743 5318 
3 2823 3744 2833 5319 
3 3734 3079 3745 5320 
3 2834 3746 3747 5321 
3 1914 3025 3295 5322 
3 3025 1914 2835 5323 
3 2848 1210 1213 5333 
3 2849 1214 1219 5334 
3 1219 1216 2852 5335 
3 1216 1215 2851 5336 
3 2852 2851 2241 5337 
3 507 2631 946 5338 
3 1218 2849 1219 5339 
3 278 2852 2243 5340 
3 2852 278 1219 5341 
3 2762 1130 2808 5342 
3 1165 2808 1130 5343 
3 1130 2760 1220 5344 
3 2760 2759 2854 5345 
3 1220 2854 1221 5346 
3 1222 1221 2222 5347 
3 2759 1223 2854 5348 
3 1223 2759 1226 5349 
3 1226 2232 2231 5350 
3 1221 2230 2222 5351 
3 2230 1221 1224 5352 
3 2856 1247 1243 5353 
3 1225 2234 1226 5354 
3 1227 1226 2857 5355 
3 2759 2857 1226 5356 
3 1232 2860 1233 5358 
3 1711 1233 2764 5359 
3 236 1237 1236 5360 
3 1237 236 2315 5361 
3 367 2699 2697 5362 
3 2699 367 2316 5363 
3 1236 1052 1051 5364 
3 1052 1236 1238 5365 
3 2861 1236 2862 5366 
3 1239 1051 1240 5367 
3 1241 1240 2863 5368 
3 2855 2863 1240 5369 
3 2864 2810 2809 5370 
3 2810 2864 2865 5371 
3 2866 1243 1242 5372 
3 1243 2866 2855 5373 
3 2810 1244 2811 5374 
3 1244 1243 2857 5375 
3 2811 2857 2759 5376 
3 208 229 2864 5377 
3 1246 2864 229 5378 
3 229 236 1245 5379 
3 2861 1245 236 5380 
3 2865 2862 2866 5381 
3 2863 2866 2862 5382 
3 2235 2234 1247 5383 
3 1248 2856 2855 5384 
3 2867 1255 1252 5385 
3 1255 2868 1115 5386 
3 2740 1115 2868 5387 
3 1256 1115 821 5388 
3 1195 2726 1091 5389 
3 1257 2727 1054 5390 
3 1313 1260 1314 5391 
3 1260 1313 489 5392 
3 489 2304 1259 5393 
3 2869 3635 2870 5394 
3 3635 2869 1259 5395 
3 1266 2806 1157 5397 
3 1196 2805 852 5398 
3 2848 1213 2874 5402 
3 1271 490 1313 5403 
3 2780 3754 3680 5436 
3 3755 3510 2891 5437 
3 2730 2892 3681 5438 
3 3756 2894 3509 5439 
3 3757 966 3455 5440 
3 2895 1067 3511 5441 
3 3758 2623 3683 5442 
3 3758 3513 3512 5443 
3 2780 2782 3754 5444 
3 3717 3515 2899 5445 
3 3759 2900 3755 5446 
3 2779 2903 3514 5447 
3 3713 3684 2901 5448 
3 3760 2902 3516 5449 
3 3761 3519 3756 5450 
3 3518 3517 2904 5451 
3 3762 2905 3757 5452 
3 3030 2915 3767 5462 
3 3768 2928 3767 5463 
3 3769 3079 3770 5464 
3 1295 3526 3770 5465 
3 3529 3528 3771 5466 
3 3772 1297 2918 5467 
3 3773 2920 3774 5468 
3 1880 1299 1298 5469 
3 1299 1880 2921 5470 
3 3775 3776 3777 5471 
3 3017 3544 3777 5472 
3 1298 1300 1607 5473 
3 2927 1607 1300 5474 
3 1880 2914 2921 5475 
3 3768 3529 3530 5476 
3 2921 2930 2922 5477 
3 3771 3773 2933 5478 
3 3774 3720 2931 5479 
3 2932 3719 3531 5480 
3 2922 3534 3775 5481 
3 3532 3718 2934 5482 
3 3776 2936 2924 5483 
3 2737 2868 1304 5484 
3 1305 1304 2868 5485 
3 2867 1251 1268 5486 
3 1306 1268 1051 5487 
3 2941 2939 2302 5492 
3 2870 2302 2939 5493 
3 2939 2941 1399 5494 
3 1396 2940 1317 5495 
3 80 2139 2113 5496 
3 2138 79 2137 5497 
3 1324 1331 1330 5498 
3 1326 2948 1334 5506 
3 2600 1335 2578 5507 
3 2948 2578 1335 5508 
3 1332 1334 1542 5510 
3 2965 1354 1380 5537 
3 1311 1378 79 5545 
3 1367 2281 1485 5548 
3 1380 1362 1361 5564 
3 1362 1380 2977 5565 
3 2971 2977 2978 5566 
3 1379 2978 2977 5567 
3 79 2979 2137 5568 
3 2979 79 1377 5569 
3 3535 2979 2978 5570 
3 2979 3535 2980 5571 
3 2981 1384 1383 5572 
3 2981 1330 1542 5573 
3 1380 2986 1381 5581 
3 2986 3276 1393 5582 
3 1381 1393 3535 5583 
3 3276 2987 1391 5584 
3 2987 2161 2443 5585 
3 1391 2443 2442 5586 
3 3535 1392 2980 5587 
3 1392 2442 2441 5588 
3 2980 2441 2137 5589 
3 1316 1394 1396 5590 
3 1398 2846 2874 5591 
3 1312 2874 1313 5592 
3 1412 2990 2991 5593 
3 2992 2991 3192 5594 
3 2995 2853 1418 5600 
3 1589 1432 985 5619 
3 1431 2682 1037 5620 
3 985 2683 2659 5621 
3 2683 985 1037 5622 
3 2992 3192 1433 5623 
3 1434 1433 2859 5624 
3 1607 2927 3016 5625 
3 2927 3544 3015 5626 
3 3016 3546 3793 5627 
3 3544 3017 3545 5628 
3 3017 2925 3018 5629 
3 1435 2687 3547 5630 
3 3548 1436 3794 5631 
3 1436 1041 3019 5632 
3 3020 2684 3795 5633 
3 2990 1440 3021 5634 
3 1440 2990 1438 5635 
3 1438 3022 1439 5636 
3 1699 3024 3023 5637 
3 3024 1699 1439 5638 
3 3295 3025 1881 5639 
3 3026 1881 3025 5640 
3 3747 3746 3027 5641 
3 3745 3079 3769 5642 
3 3028 3796 2916 5643 
3 3797 3798 2913 5644 
3 3798 3797 3549 5645 
3 1057 2702 3038 5653 
3 2702 1060 1447 5654 
3 3038 1447 3802 5655 
3 2701 2700 1446 5656 
3 3040 1446 2700 5657 
3 3160 3040 3039 5658 
3 1449 3039 3040 5659 
3 3042 252 1457 5660 
3 3043 1123 1457 5662 
3 1458 2757 1167 5663 
3 3042 1167 2221 5664 
3 1315 1464 1696 5670 
3 1317 3047 1463 5671 
3 3047 1317 2940 5672 
3 1913 3049 3737 5673 
3 3049 3097 3050 5674 
3 3739 3738 3557 5675 
3 3096 3052 3554 5676 
3 3052 2302 3053 5677 
3 3054 2301 3556 5678 
3 3741 3740 3056 5679 
3 3633 3055 2298 5680 
3 351 3742 3632 5681 
3 3057 668 2509 5682 
3 668 3057 1473 5683 
3 3057 1508 3058 5684 
3 1508 3057 2508 5685 
3 3059 1474 1476 5686 
3 3058 1477 1473 5687 
3 3059 1476 1420 5688 
3 2281 2247 1485 5695 
3 1486 1485 2247 5696 
3 283 2246 1488 5697 
3 3062 1488 2246 5698 
3 1485 3063 2974 5699 
3 3063 1485 1487 5700 
3 3060 1489 1493 5701 
3 1474 3063 1488 5702 
3 1493 3062 2245 5703 
3 3065 1496 1648 5704 
3 3066 936 1497 5705 
3 1498 1497 3067 5706 
3 2211 3067 1497 5707 
3 3066 1496 937 5708 
3 3065 1535 945 5709 
3 1499 945 2550 5710 
3 3805 3806 1514 5722 
3 1512 3807 1513 5723 
3 3808 3807 3809 5724 
3 3810 3811 3812 5725 
3 3076 3095 3812 5726 
3 3084 3086 1527 5741 
3 1421 3086 2973 5742 
3 1519 3088 1544 5743 
3 1542 1540 1539 5747 
3 3813 2793 3090 5750 
3 3808 3091 3078 5751 
3 2792 3494 3560 5752 
3 3493 1148 3092 5753 
3 3561 3093 3562 5754 
3 3563 1296 3814 5755 
3 3081 3815 3814 5756 
3 3052 3096 3047 5757 
3 1463 3047 3096 5758 
3 3049 1552 1551 5759 
3 1552 3049 1913 5760 
3 1553 1552 3048 5761 
3 3816 3110 3817 5762 
3 3071 3565 3817 5763 
3 3071 3072 3103 5764 
3 3104 3074 3566 5766 
3 3818 3112 3106 5767 
3 3567 3811 3105 5768 
3 3079 3819 3080 5769 
3 3352 3820 3107 5770 
3 3821 3356 3570 5771 
3 3108 3569 1558 5772 
3 3822 3816 3100 5773 
3 3822 3356 3358 5774 
3 3823 3818 3819 5775 
3 3823 1557 1559 5776 
3 1490 1565 1568 5787 
3 1492 3118 1564 5788 
3 1568 1573 1566 5789 
3 3118 3064 1575 5791 
3 251 3121 1574 5793 
3 3121 251 2219 5794 
3 1572 3120 1566 5795 
3 245 1601 2525 5825 
3 1607 3016 1609 5831 
3 3016 3793 3158 5832 
3 1609 3158 3156 5833 
3 3548 3794 1612 5834 
3 3020 3795 3038 5835 
3 3159 3038 3802 5836 
3 3156 1613 1448 5837 
3 3039 1448 1613 5838 
3 3168 1611 1627 5846 
3 3168 1627 3170 5849 
3 1640 3170 1627 5850 
3 1631 1567 3171 5853 
3 1566 3171 1567 5854 
3 3171 1638 1640 5855 
3 1639 3173 1821 5856 
3 3170 1821 1353 5857 
3 2254 1646 298 5861 
3 1647 3175 1675 5862 
3 2255 1675 2252 5863 
3 3067 2211 1581 5864 
3 1649 1581 3084 5865 
3 2348 1366 1653 5868 
3 1652 2973 3202 5869 
3 1653 3202 2347 5870 
3 3176 2347 3202 5871 
3 2148 2147 1663 5876 
3 3177 1663 2147 5877 
3 2145 156 1659 5878 
3 156 2145 2144 5879 
3 1660 156 3178 5880 
3 2157 3178 156 5881 
3 1599 3178 2157 5882 
3 3178 1599 3179 5883 
3 3177 1665 1661 5884 
3 1665 3177 3179 5885 
3 1662 3180 2141 5886 
3 1669 3182 1670 5889 
3 3183 1672 1674 5890 
3 1673 3181 1669 5891 
3 3184 1669 2344 5892 
3 2252 1676 1633 5893 
3 1675 3183 1674 5894 
3 1633 3184 2344 5895 
3 3185 1438 2990 5896 
3 3175 1683 1672 5898 
3 1681 3188 1682 5899 
3 1672 3189 3181 5900 
3 1468 3185 2990 5902 
3 3021 1699 2991 5903 
3 3023 2813 1172 5904 
3 1700 1172 3192 5905 
3 2671 1714 1014 5906 
3 1705 3196 1713 5907 
3 3196 3193 1712 5908 
3 1715 1712 2764 5909 
3 3192 1716 1433 5910 
3 1433 2860 2859 5911 
3 3197 1722 498 5912 
3 3084 3199 2973 5917 
3 3199 3084 3198 5918 
3 3198 3084 1580 5919 
3 1634 3172 1733 5924 
3 3176 1733 3172 5925 
3 3199 3202 2973 5926 
3 3203 1735 1737 5927 
3 1736 2406 2025 5928 
3 3204 2025 2075 5929 
3 3197 1735 1722 5930 
3 3207 3206 1741 5931 
3 3206 3207 3205 5932 
3 2508 3205 1508 5933 
3 1744 1508 3205 5934 
3 1740 1741 924 5935 
3 3206 2508 1742 5936 
3 1743 1742 2624 5937 
3 1757 1739 1738 5938 
3 3209 2091 2090 5939 
3 2091 3209 3208 5940 
3 76 3208 1842 5941 
3 3210 1842 3208 5942 
3 1738 1758 1757 5952 
3 2628 925 1754 5960 
3 2627 2626 1764 5961 
3 1765 1764 1755 5962 
3 1566 1776 1775 5970 
3 3120 3220 3595 5971 
3 3220 3120 3121 5972 
3 1775 1777 3222 5973 
3 1777 3595 3221 5974 
3 3222 3221 3223 5975 
3 3222 1778 1775 5976 
3 3223 1779 1778 5977 
3 3224 3227 3228 5978 
3 3227 3224 3225 5979 
3 1778 3229 3173 5980 
3 3229 1778 1780 5981 
3 3271 1783 2162 5982 
3 1783 3271 1781 5983 
3 1781 3226 1782 5984 
3 3230 1782 3226 5985 
3 3223 3221 3250 6014 
3 3221 3595 3249 6015 
3 3259 3845 3599 6016 
3 3595 3220 3251 6017 
3 3220 2219 2225 6018 
3 3251 2225 3624 6019 
3 3846 3260 3252 6020 
3 1805 3418 3625 6021 
3 3846 2229 3626 6022 
3 2851 1215 3253 6023 
3 3262 3263 1215 6024 
3 1215 2850 1807 6025 
3 3254 1807 2850 6026 
3 3262 1809 3847 6027 
3 1809 1808 3255 6028 
3 3256 3264 3258 6029 
3 3845 3259 3848 6030 
3 3847 3256 3848 6031 
3 3846 2239 1810 6032 
3 2240 1811 2239 6033 
3 1812 2240 3253 6034 
3 2241 3253 2240 6035 
3 3264 1808 3224 6036 
3 3254 2850 1813 6037 
3 1814 3226 3225 6038 
3 3226 1814 1813 6039 
3 3226 1816 3265 6040 
3 1816 3226 1813 6041 
3 1815 2850 1214 6042 
3 3271 1817 1781 6043 
3 1817 3271 3266 6044 
3 3267 3229 3228 6045 
3 3229 3267 3268 6046 
3 1781 3227 3226 6047 
3 3227 1781 1818 6048 
3 1819 3230 1820 6049 
3 3265 1820 3230 6050 
3 1353 1823 3270 6051 
3 1823 1353 1821 6052 
3 1821 3268 1822 6053 
3 3268 1821 3173 6054 
3 3269 3266 3272 6055 
3 3266 3269 3267 6056 
3 1353 3273 1354 6057 
3 1824 1354 3273 6058 
3 3274 3849 3276 6059 
3 3849 3274 3277 6060 
3 1354 1825 1380 6061 
3 2986 1380 1825 6062 
3 2161 3275 1826 6063 
3 1827 1826 3275 6064 
3 3274 3273 3269 6065 
3 3270 3269 3273 6066 
3 1826 1828 3271 6067 
3 3272 3271 1828 6068 
3 1837 963 1835 6069 
3 3279 869 1835 6070 
3 3279 2468 2598 6071 
3 2467 2598 2468 6072 
3 76 1839 77 6073 
3 1841 77 1839 6074 
3 1839 1848 1840 6075 
3 2178 1840 1848 6076 
3 2110 2181 2111 6077 
3 2182 3282 2181 6078 
3 1850 2191 194 6079 
3 1851 194 1847 6080 
3 1848 1847 194 6081 
3 1855 1764 1853 6082 
3 1852 2626 1011 6083 
3 1853 1011 3284 6084 
3 2670 3284 1011 6085 
3 1770 3284 2669 6086 
3 1670 3182 1863 6088 
3 3286 1863 3182 6089 
3 2427 1864 2420 6090 
3 3287 2420 1864 6091 
3 3181 1867 3286 6092 
3 1867 3181 1865 6093 
3 1865 1877 1866 6094 
3 1877 1865 1875 6095 
3 1863 3289 3287 6096 
3 3289 1863 3288 6097 
3 2669 3285 1770 6098 
3 3181 3189 1865 6100 
3 1873 1865 3189 6101 
3 3188 3187 1920 6102 
3 1865 1874 1875 6103 
3 3292 1875 1874 6104 
3 1900 3294 3288 6105 
3 3294 1900 3293 6106 
3 2420 3294 1896 6107 
3 3294 2420 3289 6108 
3 3024 1439 1190 6109 
3 3022 1997 1879 6110 
3 1936 3327 1899 6148 
3 1898 1899 2453 6149 
3 3327 2453 1899 6150 
3 1899 1897 1900 6151 
3 3293 1900 1897 6152 
3 1901 1876 1875 6153 
3 938 3334 1908 6165 
3 1875 1919 1901 6166 
3 1917 3338 1918 6167 
3 1901 1937 1936 6168 
3 3292 1920 1917 6169 
3 1922 1921 3337 6170 
3 1924 1928 1925 6171 
3 1928 1924 1926 6172 
3 1926 2519 1927 6173 
3 2519 1926 2518 6174 
3 3339 2520 2401 6175 
3 3338 1924 1918 6179 
3 2819 1908 3334 6180 
3 1908 2819 1939 6181 
3 1939 3732 1940 6182 
3 3341 1940 2817 6183 
3 1941 1940 3335 6184 
3 1955 1942 1944 6185 
3 3346 1942 1954 6192 
3 3346 1924 3337 6193 
3 1958 3347 1959 6198 
3 3335 1960 1966 6199 
3 3347 1966 1960 6200 
3 3341 85 1959 6201 
3 3348 1961 1963 6202 
3 3349 1962 2209 6203 
3 3349 3350 1963 6204 
3 2212 2211 1964 6205 
3 1497 1964 2211 6206 
3 1965 936 3348 6207 
3 936 1965 1497 6208 
3 1318 1969 1968 6209 
3 3859 3356 3821 6210 
3 3859 2310 3636 6211 
3 2311 1538 1972 6212 
3 1538 2311 2141 6213 
3 3860 1537 3109 6214 
3 3860 3615 1973 6215 
3 1664 1975 1976 6216 
3 3180 1971 2141 6217 
3 1842 3210 1843 6218 
3 1977 1843 3210 6219 
3 3209 1747 3360 6220 
3 3359 3360 1747 6221 
3 1843 1978 3278 6222 
3 3361 3278 1978 6223 
3 1746 1980 3359 6224 
3 1980 1746 511 6225 
3 511 3376 1979 6226 
3 3376 511 510 6227 
3 3360 3364 3361 6228 
3 3364 3360 3362 6229 
3 2820 1987 1989 6237 
3 1989 3369 2818 6239 
3 3370 3372 3397 6245 
3 3616 3861 3372 6246 
3 3373 510 2000 6247 
3 2001 2000 510 6248 
3 3616 2002 3375 6249 
3 2002 2001 2412 6250 
3 3375 2412 2853 6251 
3 3278 3364 1831 6252 
3 2003 1831 3364 6253 
3 3362 3363 3372 6254 
3 3373 3372 3376 6255 
3 1831 2004 1829 6256 
3 3370 1829 2004 6257 
3 2518 2017 705 6271 
3 1926 3381 2016 6272 
3 3381 1926 1924 6273 
3 705 3382 2119 6274 
3 96 3382 2018 6275 
3 1954 3381 1924 6276 
3 2570 2027 2398 6284 
3 3204 1785 1737 6285 
3 2028 3195 1710 6286 
3 3203 1710 3194 6287 
3 3395 1475 2044 6305 
3 2043 3060 1495 6306 
3 3396 1495 2059 6307 
3 1829 3371 3398 6308 
3 3397 3861 2046 6309 
3 3398 2046 2045 6310 
3 3616 3375 1417 6311 
3 2995 1417 3375 6312 
3 2047 1416 3399 6313 
3 1416 2047 1417 6314 
3 3400 2048 2060 6315 
3 2048 3401 2044 6316 
3 3395 2044 3401 6317 
3 2060 3396 2059 6318 
3 3396 2060 2049 6319 
3 2054 1258 2690 6331 
3 3401 2045 3399 6341 
3 2045 3401 2048 6342 
3 3400 2586 2061 6343 
3 2062 1829 3398 6344 
3 1829 2062 2061 6345 
3 262 264 2224 6353 
3 1043 1042 2685 6374 
3 1067 3456 1068 6375 
3 2704 1068 3456 6376 
3 1103 1102 2731 6379 
3 1112 1114 3465 6380 
3 1142 3709 1143 6388 
3 3709 1142 3483 6389 
3 3486 1144 1146 6390 
3 1144 2789 1145 6391 
3 1146 1145 3865 6392 
3 1148 3866 1149 6393 
3 3866 1148 3493 6394 
3 1198 3499 1199 6397 
3 3499 1198 3500 6398 
3 1201 3504 1202 6399 
3 3504 1201 2835 6400 
3 2893 3513 1287 6401 
3 1288 1287 3513 6402 
3 3760 3518 1290 6403 
3 1291 1290 3518 6404 
3 3526 1295 3772 6408 
3 1297 3772 1295 6409 
3 3868 1301 1303 6410 
3 1301 3533 1302 6411 
3 1303 1302 2929 6412 
3 1435 1437 3546 6419 
3 1442 3549 1443 6420 
3 3026 1443 3549 6421 
3 3054 1467 3555 6424 
3 1467 3054 1465 6425 
3 1513 3805 1514 6426 
3 3805 1513 3559 6427 
3 3561 1550 1549 6428 
3 1550 3561 3564 6429 
3 3102 1554 3568 6430 
3 1556 3568 1554 6431 
3 1558 3870 1559 6432 
3 3870 1558 3569 6433 
3 1614 1613 3158 6445 
3 3251 1804 3598 6449 
3 1806 3598 1804 6450 
3 1811 2240 1812 6451 
3 1972 1973 3615 6458 
3 2109 2111 3282 6464 
3 2228 2233 2229 6472 
3 3633 2300 346 6481 
3 2300 3633 2298 6482 
3 2301 2303 3635 6483 
3 2309 356 2310 6484 
3 2666 3666 1010 6528 
3 2689 2688 1042 6535 
3 2730 2732 2688 6544 
3 3682 2734 2733 6545 
3 2734 3682 3666 6546 
3 1102 2735 2692 6547 
3 1114 2738 3465 6548 
3 2775 3707 2776 6567 
3 3707 2775 3709 6568 
3 2778 3483 2779 6569 
3 3712 2779 3483 6570 
3 2781 3714 2782 6571 
3 3874 2782 3714 6572 
3 2935 2783 2785 6573 
3 2783 3865 2784 6574 
3 2785 2784 3714 6575 
3 3875 2786 2788 6576 
3 2786 3866 2787 6577 
3 2788 2787 3486 6578 
3 2790 3707 2791 6579 
3 3707 2790 3721 6580 
3 2793 3813 2794 6581 
3 2796 2794 3813 6582 
3 2795 3721 2796 6583 
3 3744 2825 3499 6590 
3 2825 3744 2823 6591 
3 3735 3051 2826 6592 
3 2827 2826 3051 6593 
3 3500 3741 2829 6594 
3 2830 2829 3741 6595 
3 3735 2832 3504 6596 
3 2832 3735 2831 6597 
3 3744 3746 2833 6598 
3 2834 2833 3746 6599 
3 2835 2837 3025 6600 
3 2303 2870 3635 6604 
3 3759 2892 2730 6609 
3 2892 3759 2891 6610 
3 3762 2895 2894 6611 
3 2895 3762 3456 6612 
3 2897 3682 2898 6613 
3 3682 2897 3513 6614 
3 3874 2900 3759 6615 
3 2900 3874 2899 6616 
3 3712 2901 2903 6617 
3 2901 2739 2902 6618 
3 2903 2902 3760 6619 
3 3518 2904 3762 6620 
3 2905 3762 2904 6621 
3 2913 3798 2914 6628 
3 2928 2914 3798 6629 
3 2916 3796 2917 6630 
3 3526 2917 3796 6631 
3 3772 2918 3773 6632 
3 2920 3773 2918 6633 
3 2921 2923 1299 6634 
3 3776 2925 3017 6635 
3 2925 3776 2924 6636 
3 2926 3544 2927 6637 
3 2928 2930 2921 6638 
3 3773 2931 2933 6639 
3 2931 3875 2932 6640 
3 2933 2932 3868 6641 
3 3533 2936 3776 6642 
3 2936 3533 2934 6643 
3 3015 3546 3016 6662 
3 3018 2687 1435 6663 
3 3019 2684 3020 6664 
3 2837 2836 3026 6665 
3 3746 3028 3027 6666 
3 3028 3746 3796 6667 
3 3549 3030 3798 6668 
3 3030 3549 3029 6669 
3 3050 3555 3051 6675 
3 3053 2301 3054 6676 
3 3055 3741 3056 6677 
3 3741 3055 3633 6678 
3 3074 3805 3075 6679 
3 3805 3074 3806 6680 
3 3077 3559 3078 6681 
3 3808 3078 3559 6682 
3 3080 3815 3081 6683 
3 3815 3080 3810 6684 
3 3813 3090 3808 6685 
3 3091 3808 3090 6686 
3 3493 3092 3561 6687 
3 3093 3561 3092 6688 
3 3094 3564 3095 6689 
3 3815 3095 3564 6690 
3 3097 3049 3098 6691 
3 1551 3098 3049 6692 
3 3100 3568 3101 6693 
3 3568 3100 3816 6694 
3 3072 3806 3103 6695 
3 3104 3103 3806 6696 
3 3105 3810 3106 6697 
3 3818 3106 3810 6698 
3 3820 3569 3107 6699 
3 3108 3107 3569 6700 
3 3878 3110 3816 6701 
3 3110 3878 3109 6702 
3 3870 3112 3818 6703 
3 3112 3870 3111 6704 
3 3020 3159 1612 6736 
3 3249 3257 3250 6750 
3 3257 3249 3598 6751 
3 3252 2229 3846 6752 
3 3255 3264 3256 6753 
3 3258 3257 3256 6754 
3 3260 3846 3261 6755 
3 1810 3261 3846 6756 
3 3263 1812 3253 6757 
3 3277 3274 1827 6758 
3 3280 77 1841 6759 
3 3281 1840 2178 6760 
3 3351 3820 3352 6779 
3 3820 3351 2310 6780 
3 3354 1972 3355 6781 
3 1972 3354 2311 6782 
3 3357 3878 3358 6783 
3 3878 3357 3615 6784 
3 3363 1979 3376 6785 
3 3371 3370 3397 6786 
3 3374 3373 2000 6787 
3 3280 2110 75 6793 
3 264 263 3418 6797 
3 2300 1259 346 6804 
3 355 3424 356 6805 
3 3455 978 3456 6844 
3 2896 1103 3462 6853 
3 1103 2896 1101 6854 
3 1101 3463 1102 6855 
3 2731 3464 3454 6856 
3 3483 3482 3709 6872 
3 3482 3483 3480 6873 
3 3481 3480 2777 6874 
3 2778 2777 3480 6875 
3 3882 3484 3485 6876 
3 3484 3486 1146 6877 
3 3485 1146 3865 6878 
3 3487 2789 1144 6879 
3 2789 3487 3491 6880 
3 3865 1145 3489 6881 
3 1145 2789 3488 6882 
3 3489 3488 3481 6883 
3 3493 3492 3866 6884 
3 3492 3493 3490 6885 
3 3491 3494 2792 6886 
3 3494 3491 3490 6887 
3 2824 1197 2825 6893 
3 1199 2825 1197 6894 
3 1197 3739 1198 6895 
3 3501 1198 3739 6896 
3 3499 3500 3502 6897 
3 3503 3502 3500 6898 
3 2824 1200 2832 6899 
3 1202 2832 1200 6900 
3 1201 2836 2835 6901 
3 3761 3509 3510 6905 
3 3509 2893 1287 6906 
3 3510 1287 1286 6907 
3 2893 3512 3513 6908 
3 3512 2893 3511 6909 
3 1286 2897 2896 6910 
3 2897 1286 1288 6911 
3 2777 3514 3515 6912 
3 3514 3760 1290 6913 
3 3515 1290 1289 6914 
3 3760 3517 3518 6915 
3 3517 3760 3516 6916 
3 1289 1291 3761 6917 
3 3519 3761 1291 6918 
3 2915 2917 3529 6926 
3 3527 3529 2917 6927 
3 3772 3528 3526 6928 
3 3527 3526 3528 6929 
3 2923 1300 1299 6930 
3 2926 2922 3544 6931 
3 3529 1303 3530 6932 
3 1303 3529 3868 6933 
3 3868 3531 1301 6934 
3 3531 3882 3532 6935 
3 1301 3532 3533 6936 
3 2929 3534 2922 6937 
3 3534 2929 1302 6938 
3 3545 1435 3546 6951 
3 3547 1041 1436 6952 
3 1437 1436 3548 6953 
3 2836 1443 3026 6954 
3 1441 3029 1442 6955 
3 3029 1441 2915 6956 
3 3554 3054 3555 6961 
3 3556 1466 1465 6962 
3 1466 3556 2299 6963 
3 1467 3739 3557 6964 
3 3739 1467 1466 6965 
3 3559 3075 3805 6966 
3 3075 3559 3558 6967 
3 3073 3077 3076 6968 
3 3077 3073 3558 6969 
3 2792 3560 1548 6970 
3 1549 1548 3560 6971 
3 3561 3562 3564 6972 
3 3563 3564 3562 6973 
3 1548 1550 3076 6974 
3 3094 3076 1550 6975 
3 3098 1551 1463 6976 
3 3565 3102 3568 6977 
3 3102 3566 1554 6978 
3 3566 3073 3567 6979 
3 1554 3567 1555 6980 
3 1556 1555 3101 6981 
3 3099 3101 1555 6982 
3 3356 3099 3570 6983 
3 3571 3570 3099 6984 
3 3870 3569 3111 6985 
3 3571 3111 3569 6986 
3 3548 1614 3158 7011 
3 1804 3418 1805 7024 
3 1806 1805 3599 7025 
3 3259 3599 1805 7026 
3 3261 1810 3262 7027 
3 2110 3281 2181 7028 
3 3353 3357 3356 7047 
3 3357 3353 3614 7048 
3 3615 3355 1972 7049 
3 3355 3615 3614 7050 
3 3374 2000 3616 7051 
3 3623 2185 2179 7062 
3 201 3623 2184 7063 
3 3624 2224 3418 7064 
3 3625 263 2229 7065 
3 2228 2226 2233 7066 
3 3626 2233 2239 7067 
3 351 3634 345 7088 
3 3634 351 3632 7089 
3 346 3634 3633 7090 
3 3351 353 2310 7091 
3 2309 354 356 7092 
3 2310 356 3636 7093 
3 3424 3636 356 7094 
3 3353 225 3354 7095 
3 3637 3354 225 7096 
3 227 3637 225 7097 
3 2439 3645 2442 7110 
3 2441 3645 2440 7111 
3 3665 1008 3666 7160 
3 2684 1043 2685 7169 
3 1041 2689 1042 7170 
3 1042 3672 3454 7171 
3 3673 2692 2691 7172 
3 3673 2696 3454 7173 
3 1068 2608 1066 7174 
3 3680 2730 2688 7195 
3 2730 3681 2731 7196 
3 3462 2731 3681 7197 
3 2732 3454 3672 7198 
3 3454 2732 2731 7199 
3 2896 2898 1101 7200 
3 2733 1101 2898 7201 
3 3682 3683 3666 7202 
3 3665 3666 3683 7203 
3 1101 2734 2665 7204 
3 2666 2665 2734 7205 
3 3464 1102 2692 7206 
3 3463 2665 2668 7207 
3 2735 2668 2690 7208 
3 2737 3684 2532 7209 
3 2776 3708 2533 7262 
3 2533 713 2775 7263 
3 1143 2775 713 7264 
3 3707 3709 3710 7265 
3 3482 3710 3709 7266 
3 3711 3712 1142 7267 
3 3483 1142 3712 7268 
3 3711 713 3713 7269 
3 2532 3713 713 7270 
3 3481 2777 3715 7271 
3 3716 3715 2777 7272 
3 3874 3716 3717 7273 
3 3716 3874 3714 7274 
3 2780 2935 2781 7275 
3 2785 2781 2935 7276 
3 2935 3718 2783 7277 
3 3718 3882 3485 7278 
3 2783 3485 3865 7279 
3 3714 2784 3715 7280 
3 2784 3865 3489 7281 
3 3715 3489 3481 7282 
3 3882 3719 3484 7283 
3 3719 3875 2788 7284 
3 3484 2788 3486 7285 
3 3875 3720 2786 7286 
3 3720 1147 1149 7287 
3 2786 1149 3866 7288 
3 3486 2787 3487 7289 
3 2787 3866 3492 7290 
3 3487 3492 3491 7291 
3 3481 3488 3710 7292 
3 3488 2789 2791 7293 
3 3710 2791 3707 7294 
3 2789 3491 2790 7295 
3 3722 2790 3491 7296 
3 3707 3721 3708 7297 
3 2795 3708 3721 7298 
3 3723 2796 3813 7299 
3 3491 2792 3722 7300 
3 3724 3722 2792 7301 
3 2796 3721 2794 7302 
3 3724 2794 3721 7303 
3 1989 3732 1939 7320 
3 3079 3502 1557 7321 
3 3502 3079 3733 7322 
3 3499 3734 3744 7323 
3 3734 3499 3733 7324 
3 2824 2826 1197 7325 
3 2826 2824 2831 7326 
3 3735 3737 3051 7327 
3 3737 3735 3736 7328 
3 1197 3738 3739 7329 
3 3738 1197 2827 7330 
3 1557 2829 2828 7331 
3 2829 1557 3503 7332 
3 3500 3740 3741 7333 
3 3740 3500 3501 7334 
3 2828 3742 351 7335 
3 3742 2828 2830 7336 
3 1913 3736 1914 7337 
3 3743 1914 3736 7338 
3 3504 3743 3735 7339 
3 2824 2833 1200 7340 
3 2833 2824 2823 7341 
3 3744 3745 3746 7342 
3 3745 3744 3734 7343 
3 1200 3747 2836 7344 
3 3747 1200 2834 7345 
3 3754 2730 3680 7367 
3 2730 3754 3759 7368 
3 3759 3755 2891 7369 
3 3755 3761 3510 7370 
3 2891 3510 1286 7371 
3 2892 2896 3681 7372 
3 2896 2892 1286 7373 
3 3761 3756 3509 7374 
3 3756 3762 2894 7375 
3 3509 2894 2893 7376 
3 3762 3757 3456 7377 
3 3455 3456 3757 7378 
3 2893 2895 3511 7379 
3 2895 3456 1067 7380 
3 3511 1067 1066 7381 
3 3513 3683 3682 7382 
3 3683 3513 3758 7383 
3 2623 3512 1066 7384 
3 3512 2623 3758 7385 
3 2782 3759 3754 7386 
3 3759 2782 3874 7387 
3 3874 3717 2899 7388 
3 3717 2777 3515 7389 
3 2899 3515 1289 7390 
3 2900 1289 3755 7391 
3 3761 3755 1289 7392 
3 2777 2779 3514 7393 
3 2779 3712 2903 7394 
3 3514 2903 3760 7395 
3 3712 3713 2901 7396 
3 3713 2532 3684 7397 
3 2901 3684 2739 7398 
3 2902 1113 3516 7399 
3 1113 2902 2739 7400 
3 3519 3518 3756 7401 
3 3762 3756 3518 7402 
3 3517 1113 2904 7403 
3 1112 2904 1113 7404 
3 2905 1112 3757 7405 
3 966 3757 1112 7406 
3 3798 3030 2928 7426 
3 3767 2928 3030 7427 
3 3529 3768 2915 7428 
3 3767 2915 3768 7429 
3 3796 3769 3526 7430 
3 3770 3526 3769 7431 
3 1296 1295 3079 7432 
3 3770 3079 1295 7433 
3 3528 3772 3771 7434 
3 3773 3771 3772 7435 
3 1297 1296 2918 7436 
3 2919 2918 1296 7437 
3 2920 2919 3774 7438 
3 1147 3774 2919 7439 
3 2922 3777 3544 7440 
3 3777 2922 3775 7441 
3 3017 3777 3776 7442 
3 2914 2928 2921 7443 
3 2928 3768 2929 7444 
3 3530 2929 3768 7445 
3 2930 2929 2922 7446 
3 3529 3771 3868 7447 
3 2933 3868 3771 7448 
3 3773 3774 2931 7449 
3 3774 1147 3720 7450 
3 2931 3720 3875 7451 
3 3868 2932 3531 7452 
3 2932 3875 3719 7453 
3 3531 3719 3882 7454 
3 3534 3776 3775 7455 
3 3776 3534 3533 7456 
3 3533 3532 2934 7457 
3 3532 3882 3718 7458 
3 2934 3718 2935 7459 
3 2936 2780 2924 7460 
3 2780 2936 2935 7461 
3 3015 3544 3546 7500 
3 3793 3546 3548 7501 
3 3545 3017 1435 7502 
3 2925 2687 3018 7503 
3 2687 2925 2780 7504 
3 3547 2687 1041 7505 
3 3794 1436 3020 7506 
3 3019 1041 2684 7507 
3 3795 2684 1057 7508 
3 2836 3747 1441 7509 
3 3027 1441 3747 7510 
3 3746 3745 3796 7511 
3 3769 3796 3745 7512 
3 1441 3028 2915 7513 
3 2916 2915 3028 7514 
3 1881 2913 1880 7515 
3 2913 1881 3797 7516 
3 3797 1881 3549 7517 
3 3802 1447 3160 7532 
3 3737 3049 3051 7533 
3 3097 3096 3050 7534 
3 3555 3050 3096 7535 
3 3051 3555 3738 7536 
3 3557 3738 3555 7537 
3 3554 3052 3054 7538 
3 3053 2302 2301 7539 
3 3556 2301 2299 7540 
3 3739 1466 3740 7541 
3 3056 3740 1466 7542 
3 1466 2299 3055 7543 
3 2298 3055 2299 7544 
3 3741 3633 3742 7545 
3 3632 3742 3633 7546 
3 1514 3806 1512 7549 
3 3807 3808 1513 7550 
3 3559 1513 3808 7551 
3 3073 3076 3811 7554 
3 3812 3811 3076 7555 
3 3815 3810 3095 7556 
3 3812 3095 3810 7557 
3 3723 3813 3809 7559 
3 3808 3809 3813 7560 
3 2793 2792 3090 7561 
3 1548 3090 2792 7562 
3 3091 1548 3078 7563 
3 3076 3078 1548 7564 
3 3494 3493 3560 7565 
3 3561 3560 3493 7566 
3 1148 1147 3092 7567 
3 2919 3092 1147 7568 
3 3093 2919 3562 7569 
3 1296 3562 2919 7570 
3 3564 3563 3815 7571 
3 3814 3815 3563 7572 
3 3079 3081 1296 7573 
3 3814 1296 3081 7574 
3 1537 3071 3110 7575 
3 3817 3110 3071 7576 
3 3568 3816 3565 7577 
3 3817 3565 3816 7578 
3 3071 3103 3102 7579 
3 3102 3104 3566 7582 
3 3104 3806 3074 7583 
3 3566 3074 3073 7584 
3 3099 3106 3112 7585 
3 3106 3099 1555 7586 
3 1555 3567 3105 7587 
3 3567 3073 3811 7588 
3 3105 3811 3810 7589 
3 3818 3080 3819 7590 
3 3080 3818 3810 7591 
3 351 3107 2828 7592 
3 3107 351 3352 7593 
3 3820 3570 3569 7594 
3 3570 3820 3821 7595 
3 2828 1558 1557 7596 
3 1558 2828 3108 7597 
3 3356 3100 3099 7598 
3 3100 3356 3822 7599 
3 3816 3358 3878 7600 
3 3358 3816 3822 7601 
3 1557 3819 3079 7602 
3 3819 1557 3823 7603 
3 3818 1559 3870 7604 
3 1559 3818 3823 7605 
3 3793 3548 3158 7666 
3 3794 3020 1612 7667 
3 3795 1057 3038 7668 
3 1612 3802 3160 7669 
3 3802 1612 3159 7670 
3 3223 3250 3257 7686 
3 3249 3595 3598 7687 
3 3257 3598 3845 7688 
3 3599 3845 3598 7689 
3 3251 3624 3418 7690 
3 3259 3252 3260 7691 
3 3252 3259 1805 7692 
3 1805 3625 2229 7693 
3 3846 3626 2239 7694 
3 3263 3253 1215 7695 
3 3847 1809 3256 7696 
3 3255 1808 3264 7697 
3 3258 3264 3223 7698 
3 3257 3845 3256 7699 
3 3848 3256 3845 7700 
3 3262 3847 3259 7701 
3 3848 3259 3847 7702 
3 1811 1810 2239 7703 
3 3849 2987 3276 7704 
3 2987 3849 3275 7705 
3 3277 3275 3849 7706 
3 2111 2181 3282 7707 
3 3732 2817 1940 7747 
3 2310 3821 3820 7748 
3 3821 2310 3859 7749 
3 3356 3636 3353 7750 
3 3636 3356 3859 7751 
3 3615 3109 3878 7752 
3 3109 3615 3860 7753 
3 1537 3860 1538 7754 
3 1973 1538 3860 7755 
3 3861 3397 3372 7756 
3 3363 3376 3372 7757 
3 3371 3397 3398 7764 
3 3861 3616 2046 7765 
