3 37 38 39 140 
3 40 38 37 141 
3 37 39 2731 142 
3 2661 40 37 143 
3 2661 37 2613 144 
3 2613 37 2731 145 
3 39 38 87 146 
3 40 70 38 147 
3 38 70 88 148 
3 38 88 87 149 
3 39 87 82 150 
3 2737 39 82 151 
3 2731 39 2737 152 
3 68 69 40 153 
3 40 2661 68 154 
3 69 70 40 155 
3 100 45 97 175 
3 45 100 99 176 
3 159 324 46 178 
3 161 69 68 253 
3 68 3172 161 254 
3 68 2661 3165 255 
3 68 3165 3172 256 
3 91 70 69 257 
3 162 91 69 258 
3 69 161 162 259 
3 70 92 88 260 
3 91 92 70 261 
3 83 75 74 276 
3 74 82 84 278 
3 83 74 84 279 
3 83 630 75 281 
3 87 84 82 305 
3 83 84 90 308 
3 90 694 83 309 
3 83 635 630 310 
3 83 694 635 311 
3 87 89 84 312 
3 84 89 90 313 
3 88 89 87 322 
3 88 163 89 323 
3 92 163 88 324 
3 764 90 89 325 
3 89 163 764 326 
3 90 766 694 327 
3 764 766 90 328 
3 91 208 92 329 
3 162 254 91 330 
3 254 208 91 331 
3 209 163 92 332 
3 208 209 92 333 
3 97 98 164 346 
3 97 2437 100 347 
3 164 2437 97 348 
3 164 98 2445 349 
3 539 2445 98 351 
3 160 99 100 352 
3 99 160 159 353 
3 160 100 167 354 
3 2437 167 100 355 
3 152 153 154 517 
3 153 152 165 518 
3 3482 152 154 519 
3 157 152 155 520 
3 155 152 3480 521 
3 391 152 157 522 
3 391 165 152 523 
3 3480 152 3482 524 
3 3483 154 153 525 
3 153 165 166 526 
3 166 170 153 527 
3 153 170 3483 528 
3 3482 154 3484 529 
3 154 3483 3487 530 
3 3485 3484 154 531 
3 154 3487 3485 532 
3 155 156 157 533 
3 156 155 3481 534 
3 3480 3481 155 535 
3 1632 157 156 536 
3 1632 156 1756 537 
3 1824 1756 156 538 
3 156 3481 1824 539 
3 393 391 157 540 
3 157 1629 393 541 
3 157 1632 1629 542 
3 332 159 160 543 
3 159 332 324 544 
3 160 167 335 545 
3 160 335 332 546 
3 3280 162 161 547 
3 3179 161 3172 548 
3 3179 3280 161 549 
3 162 253 254 550 
3 3280 253 162 551 
3 209 795 163 552 
3 795 764 163 553 
3 164 2451 2437 554 
3 2445 2447 164 555 
3 2447 2451 164 556 
3 166 165 407 557 
3 165 391 390 558 
3 165 390 407 559 
3 166 171 170 560 
3 166 414 171 561 
3 166 407 414 562 
3 2550 335 167 563 
3 167 2437 2438 564 
3 167 2438 2550 565 
3 172 170 171 573 
3 170 172 3533 574 
3 3533 3483 170 575 
3 171 217 172 576 
3 417 217 171 577 
3 414 417 171 578 
3 217 222 172 579 
3 222 1467 172 580 
3 3533 172 1467 581 
3 186 188 184 615 
3 188 1944 184 616 
3 184 1944 1876 617 
3 188 186 366 625 
3 361 186 357 626 
3 186 361 366 627 
3 188 366 1956 632 
3 188 1962 1944 633 
3 188 1956 1962 634 
3 208 259 209 692 
3 254 333 208 693 
3 259 208 333 694 
3 330 209 259 695 
3 330 795 209 696 
3 210 211 212 697 
3 210 214 211 698 
3 3178 210 212 699 
3 210 215 214 700 
3 3181 215 210 701 
3 210 3178 3181 702 
3 211 3280 212 703 
3 214 258 211 704 
3 253 211 258 705 
3 211 253 3280 706 
3 3177 3178 212 707 
3 3179 3177 212 708 
3 3280 3179 212 709 
3 214 215 250 711 
3 250 320 214 712 
3 214 320 258 713 
3 3203 250 215 714 
3 3198 215 3181 715 
3 3198 3203 215 716 
3 217 220 222 720 
3 432 220 217 721 
3 417 432 217 722 
3 220 221 222 727 
3 221 220 425 728 
3 220 426 425 729 
3 432 426 220 730 
3 222 221 1466 731 
3 438 221 425 732 
3 438 439 221 733 
3 221 439 1466 734 
3 1466 1467 222 735 
3 235 234 249 774 
3 409 249 234 776 
3 409 234 2783 777 
3 241 248 246 804 
3 248 241 249 805 
3 393 246 248 814 
3 2336 246 393 815 
3 390 248 249 820 
3 248 390 391 821 
3 393 248 391 822 
3 390 249 408 823 
3 408 249 409 824 
3 250 327 320 825 
3 1210 327 250 826 
3 1210 250 3203 827 
3 253 257 254 832 
3 258 257 253 833 
3 257 333 254 834 
3 258 321 257 838 
3 321 362 257 839 
3 257 362 333 840 
3 320 321 258 841 
3 259 331 330 842 
3 259 359 331 843 
3 333 359 259 844 
3 320 1343 321 1015 
3 327 1343 320 1016 
3 1344 362 321 1017 
3 1343 1344 321 1018 
3 322 323 324 1019 
3 322 329 323 1020 
3 322 324 334 1021 
3 322 369 329 1022 
3 334 369 322 1023 
3 328 323 329 1026 
3 357 323 328 1027 
3 332 334 324 1029 
3 1210 1212 327 1036 
3 1212 1290 327 1037 
3 327 1290 1343 1038 
3 328 329 358 1039 
3 328 358 357 1040 
3 365 358 329 1041 
3 329 367 365 1042 
3 369 367 329 1043 
3 331 360 330 1044 
3 330 360 804 1045 
3 330 804 795 1046 
3 331 359 364 1047 
3 1598 360 331 1048 
3 364 1598 331 1049 
3 336 334 332 1050 
3 335 336 332 1051 
3 362 359 333 1052 
3 336 2559 334 1053 
3 334 2559 369 1054 
3 335 2546 336 1055 
3 2550 2546 335 1056 
3 2546 2564 336 1057 
3 2564 2559 336 1058 
3 358 361 357 1121 
3 358 365 361 1122 
3 362 363 359 1123 
3 359 363 364 1124 
3 360 807 804 1125 
3 360 1600 807 1126 
3 1598 1600 360 1127 
3 365 366 361 1128 
3 1344 363 362 1129 
3 363 1341 364 1130 
3 363 1345 1341 1131 
3 1344 1345 363 1132 
3 364 1341 1496 1133 
3 1496 1598 364 1134 
3 365 368 366 1135 
3 367 368 365 1136 
3 368 1956 366 1137 
3 367 2563 368 1138 
3 369 2560 367 1139 
3 2560 2563 367 1140 
3 3536 1956 368 1141 
3 3536 368 2563 1142 
3 2559 2560 369 1143 
3 370 371 372 1144 
3 370 507 371 1145 
3 388 370 372 1146 
3 377 370 388 1147 
3 504 370 377 1148 
3 504 507 370 1149 
3 372 371 373 1150 
3 431 373 371 1151 
3 431 371 514 1152 
3 514 371 507 1153 
3 373 413 372 1154 
3 372 411 388 1155 
3 413 411 372 1156 
3 413 373 417 1157 
3 373 432 417 1158 
3 373 431 432 1159 
3 374 375 376 1160 
3 375 374 385 1161 
3 376 378 374 1162 
3 3033 374 378 1163 
3 386 376 375 1165 
3 375 385 384 1166 
3 375 384 386 1167 
3 376 377 378 1168 
3 377 376 386 1169 
3 378 377 388 1170 
3 386 504 377 1171 
3 500 378 388 1172 
3 378 500 3021 1173 
3 378 3021 3033 1174 
3 382 383 384 1184 
3 382 661 383 1185 
3 383 386 384 1188 
3 386 383 485 1189 
3 791 485 383 1190 
3 681 383 661 1191 
3 681 791 383 1192 
3 386 485 504 1198 
3 500 388 411 1199 
3 408 407 390 1202 
3 2336 393 1629 1206 
3 408 412 407 1235 
3 414 407 412 1236 
3 410 408 409 1237 
3 412 408 410 1238 
3 410 409 3026 1239 
3 409 2783 3026 1240 
3 410 411 412 1241 
3 500 411 410 1242 
3 3026 500 410 1243 
3 411 413 412 1244 
3 414 412 413 1245 
3 413 417 414 1246 
3 423 424 425 1253 
3 424 423 430 1254 
3 426 423 425 1255 
3 433 423 426 1256 
3 430 423 434 1257 
3 433 434 423 1258 
3 425 424 438 1259 
3 424 430 446 1260 
3 424 1858 438 1261 
3 424 446 1858 1262 
3 431 426 432 1263 
3 431 433 426 1264 
3 434 440 430 1276 
3 448 430 440 1277 
3 448 446 430 1278 
3 514 433 431 1279 
3 516 434 433 1280 
3 433 514 516 1281 
3 440 434 524 1282 
3 434 516 524 1283 
3 438 1608 439 1297 
3 1858 1608 438 1298 
3 1512 1466 439 1299 
3 439 1619 1512 1300 
3 439 1608 1619 1301 
3 440 1881 448 1302 
3 524 1473 440 1303 
3 1881 440 1473 1304 
3 446 448 1861 1320 
3 446 1863 1858 1321 
3 1863 446 1861 1322 
3 448 1877 1861 1326 
3 1881 1877 448 1327 
3 1200 467 1201 1393 
3 485 505 504 1429 
3 506 505 485 1430 
3 791 506 485 1431 
3 500 3027 3021 1480 
3 3026 3027 500 1481 
3 504 505 507 1482 
3 506 509 505 1483 
3 507 505 510 1484 
3 510 505 509 1485 
3 509 506 591 1486 
3 590 591 506 1487 
3 791 590 506 1488 
3 507 510 514 1489 
3 509 525 510 1491 
3 509 596 525 1492 
3 591 596 509 1493 
3 510 516 514 1494 
3 510 525 516 1495 
3 524 516 525 1510 
3 524 525 602 1526 
3 1473 524 602 1527 
3 596 602 525 1528 
3 534 638 639 1550 
3 534 1217 638 1551 
3 534 2772 1217 1552 
3 2445 539 542 1561 
3 540 2982 541 1562 
3 540 2983 2982 1565 
3 541 3004 542 1566 
3 541 2982 3004 1567 
3 542 2446 2445 1568 
3 3004 2446 542 1569 
3 543 544 545 1570 
3 543 546 544 1571 
3 799 543 545 1572 
3 808 546 543 1573 
3 794 543 799 1574 
3 543 794 808 1575 
3 545 544 547 1576 
3 546 548 544 1577 
3 544 588 547 1578 
3 588 544 548 1579 
3 547 596 545 1580 
3 591 545 596 1581 
3 545 591 799 1582 
3 548 546 815 1583 
3 808 810 546 1584 
3 810 815 546 1585 
3 547 588 589 1586 
3 547 589 602 1587 
3 596 547 602 1588 
3 1543 588 548 1589 
3 815 1527 548 1590 
3 548 1527 1543 1591 
3 588 1478 589 1696 
3 588 1543 1478 1697 
3 1473 602 589 1698 
3 589 1479 1473 1699 
3 1479 589 1478 1700 
3 591 590 799 1701 
3 697 590 791 1702 
3 697 793 590 1703 
3 590 793 799 1704 
3 635 694 696 1802 
3 643 639 638 1806 
3 643 638 1448 1807 
3 1215 1218 638 1808 
3 638 2771 1215 1809 
3 638 1217 2771 1810 
3 638 1218 1448 1811 
3 651 643 3013 1823 
3 1448 3013 643 1824 
3 662 681 661 1859 
3 662 697 681 1860 
3 695 697 662 1861 
3 681 697 791 1908 
3 763 696 694 1948 
3 694 769 763 1949 
3 766 769 694 1950 
3 695 696 763 1951 
3 695 763 697 1952 
3 763 793 697 1953 
3 769 793 763 2100 
3 764 796 766 2101 
3 795 796 764 2102 
3 797 769 766 2105 
3 796 797 766 2106 
3 769 794 793 2112 
3 797 794 769 2113 
3 793 794 799 2169 
3 797 808 794 2170 
3 795 804 796 2171 
3 796 805 797 2172 
3 804 805 796 2173 
3 805 808 797 2174 
3 804 807 805 2182 
3 807 810 805 2183 
3 805 810 808 2184 
3 1502 810 807 2186 
3 1600 1502 807 2187 
3 1502 815 810 2188 
3 1502 1501 815 2199 
3 1527 815 1501 2200 
3 882 883 884 2341 
3 883 882 1638 2342 
3 882 884 1526 2343 
3 1627 882 1526 2344 
3 1634 882 1627 2345 
3 1638 882 1634 2346 
3 883 886 884 2347 
3 891 886 883 2348 
3 890 891 883 2349 
3 890 883 1638 2350 
3 884 886 1095 2351 
3 1094 884 1095 2352 
3 1526 884 1094 2353 
3 1108 886 891 2356 
3 1105 1095 886 2357 
3 886 1108 1105 2358 
3 890 897 891 2367 
3 920 897 890 2368 
3 920 890 922 2369 
3 922 890 1638 2370 
3 891 897 1108 2371 
3 941 897 920 2384 
3 941 945 897 2385 
3 1108 897 945 2386 
3 919 920 921 2432 
3 941 920 919 2433 
3 1650 919 921 2434 
3 941 919 944 2435 
3 944 919 1644 2436 
3 1650 1644 919 2437 
3 920 922 921 2438 
3 921 922 1636 2439 
3 1636 1646 921 2440 
3 1650 921 1646 2441 
3 1638 1636 922 2442 
3 941 942 943 2488 
3 941 944 942 2489 
3 941 943 1853 2490 
3 941 946 945 2491 
3 941 947 946 2492 
3 947 941 949 2493 
3 941 948 949 2494 
3 950 948 941 2495 
3 941 951 950 2496 
3 941 952 951 2497 
3 941 953 952 2498 
3 941 954 953 2499 
3 955 954 941 2500 
3 941 1853 955 2501 
3 1656 943 942 2502 
3 944 1647 942 2503 
3 1647 1607 942 2504 
3 1656 942 1607 2505 
3 943 1664 1625 2506 
3 1625 1853 943 2507 
3 1664 943 1656 2508 
3 1643 944 1644 2509 
3 944 1643 1647 2510 
3 946 1111 945 2511 
3 1108 945 1107 2512 
3 1111 1107 945 2513 
3 946 947 1292 2514 
3 1112 1111 946 2515 
3 1292 1112 946 2516 
3 947 949 1303 2517 
3 1292 947 1293 2518 
3 1293 947 1303 2519 
3 949 948 1310 2520 
3 948 950 1480 2521 
3 1310 948 1312 2522 
3 1312 948 1480 2523 
3 949 1311 1303 2524 
3 949 1310 1311 2525 
3 950 951 1483 2526 
3 1480 950 1484 2527 
3 1483 1484 950 2528 
3 1431 951 952 2529 
3 1485 951 1431 2530 
3 951 1485 1483 2531 
3 1440 952 953 2532 
3 952 1430 1431 2533 
3 952 1440 1430 2534 
3 953 954 1434 2535 
3 1433 953 1434 2536 
3 1440 953 1433 2537 
3 1862 954 955 2538 
3 1434 954 1874 2539 
3 1874 954 1862 2540 
3 955 1851 1852 2541 
3 955 1853 1851 2542 
3 955 1852 1862 2543 
3 1086 1087 1088 2813 
3 1086 1091 1087 2814 
3 1523 1086 1088 2815 
3 1095 1091 1086 2816 
3 1095 1086 1094 2817 
3 1094 1086 1523 2818 
3 1087 3201 1088 2819 
3 1087 1089 1090 2820 
3 1091 1089 1087 2821 
3 1087 1090 3201 2822 
3 1523 1088 3190 2823 
3 1088 3191 3190 2824 
3 1088 3201 3191 2825 
3 1089 1098 1090 2826 
3 1089 1091 1106 2827 
3 1089 1101 1098 2828 
3 1089 1106 1101 2829 
3 1098 1103 1090 2830 
3 1090 1103 3202 2831 
3 3201 1090 3202 2832 
3 1095 1105 1091 2833 
3 1105 1106 1091 2834 
3 1094 1523 1521 2838 
3 1526 1094 1521 2839 
3 1098 1101 1284 2842 
3 1103 1098 1211 2843 
3 1098 1284 1211 2844 
3 1106 1111 1101 2845 
3 1111 1112 1101 2846 
3 1112 1284 1101 2847 
3 1210 1103 1211 2852 
3 1103 1210 3203 2853 
3 3202 1103 3203 2854 
3 1105 1107 1106 2855 
3 1108 1107 1105 2856 
3 1107 1111 1106 2857 
3 1112 1292 1284 2862 
3 3089 1200 1201 3040 
3 3089 2777 1200 3041 
3 1201 1206 3089 3044 
3 3120 3089 1206 3055 
3 1211 1212 1210 3067 
3 1211 1286 1212 3068 
3 1284 1286 1211 3069 
3 1286 1288 1212 3070 
3 1212 1288 1290 3071 
3 2771 1217 2772 3087 
3 1250 1251 1252 3160 
3 1250 1529 1251 3161 
3 1348 1250 1252 3162 
3 1348 1347 1250 3163 
3 1351 1250 1347 3164 
3 1250 1351 1529 3165 
3 1252 1251 1253 3166 
3 1253 1251 1519 3167 
3 1251 1558 1519 3168 
3 1529 1558 1251 3169 
3 2859 1252 1253 3170 
3 1348 1252 2863 3171 
3 2816 1252 2859 3172 
3 2863 1252 2816 3173 
3 1519 1516 1253 3174 
3 1253 1516 2895 3175 
3 2895 2859 1253 3176 
3 1284 1292 1286 3254 
3 1288 1286 1293 3257 
3 1286 1292 1293 3258 
3 1314 1290 1288 3260 
3 1293 1303 1288 3261 
3 1303 1314 1288 3262 
3 1290 1314 1332 3266 
3 1290 1332 1343 3267 
3 1311 1314 1303 3288 
3 1310 1331 1311 3305 
3 1310 1312 1336 3306 
3 1331 1310 1336 3307 
3 1314 1311 1331 3308 
3 1336 1312 1505 3309 
3 1312 1480 1505 3310 
3 1314 1331 1332 3312 
3 1332 1331 1345 3348 
3 1345 1331 1336 3349 
3 1343 1332 1344 3350 
3 1332 1345 1344 3351 
3 1336 1341 1345 3358 
3 1341 1336 1505 3359 
3 1505 1496 1341 3367 
3 1346 1347 1348 3371 
3 1347 1346 1350 3372 
3 1348 3242 1346 3373 
3 1357 1350 1346 3374 
3 1357 1346 3180 3375 
3 3247 3180 1346 3376 
3 3247 1346 3242 3377 
3 1352 1347 1350 3378 
3 1351 1347 1352 3379 
3 2863 3242 1348 3380 
3 1352 1350 1562 3384 
3 1357 1356 1350 3385 
3 1356 1562 1350 3386 
3 1352 1573 1351 3387 
3 1633 1529 1351 3388 
3 1351 1573 1633 3389 
3 1562 1564 1352 3390 
3 1352 1564 1573 3391 
3 1355 1356 1357 3395 
3 1356 1355 1365 3396 
3 1357 3430 1355 3397 
3 1362 1365 1355 3398 
3 1355 3428 1362 3399 
3 3429 3428 1355 3400 
3 3429 1355 3430 3401 
3 1584 1356 1365 3402 
3 1562 1356 1584 3403 
3 3238 1357 3180 3404 
3 3238 3430 1357 3405 
3 1360 1361 1362 3409 
3 1361 1360 1465 3410 
3 3498 1360 1362 3411 
3 1463 1465 1360 3412 
3 3491 1463 1360 3413 
3 3498 3491 1360 3414 
3 1362 1361 1365 3415 
3 1583 1365 1361 3416 
3 1465 1582 1361 3417 
3 1361 1582 1583 3418 
3 3428 3530 1362 3419 
3 3498 1362 3530 3420 
3 1365 1583 1584 3427 
3 1430 1493 1431 3551 
3 1494 1430 1440 3552 
3 1493 1430 1494 3553 
3 1485 1431 1492 3554 
3 1431 1493 1492 3555 
3 1438 1433 1434 3556 
3 1433 1438 1439 3557 
3 1439 1440 1433 3558 
3 1438 1434 1877 3559 
3 1877 1434 1874 3560 
3 1479 1439 1438 3565 
3 1438 1881 1479 3566 
3 1877 1881 1438 3567 
3 1494 1440 1439 3568 
3 1478 1439 1479 3569 
3 1494 1439 1478 3570 
3 1457 3013 1448 3592 
3 1535 1455 1550 3613 
3 1535 1618 1455 3614 
3 3476 1455 1618 3616 
3 1457 3014 3013 3619 
3 1463 1464 1465 3623 
3 1467 1464 1463 3624 
3 3533 1467 1463 3625 
3 1463 3491 3533 3626 
3 1611 1465 1464 3627 
3 1467 1466 1464 3628 
3 1466 1512 1464 3629 
3 1464 1512 1611 3630 
3 1465 1611 1582 3631 
3 1470 1468 1469 3632 
3 1528 1468 1470 3633 
3 1528 1635 1468 3634 
3 1535 1468 1635 3636 
3 1470 1469 1637 3637 
3 1469 1509 1637 3639 
3 1470 1637 1528 3640 
3 1473 1479 1881 3644 
3 1543 1494 1478 3653 
3 1480 1484 1498 3654 
3 1480 1498 1505 3655 
3 1484 1483 1506 3660 
3 1483 1485 1491 3661 
3 1491 1506 1483 3662 
3 1506 1498 1484 3663 
3 1491 1485 1492 3664 
3 1491 1492 1501 3678 
3 1500 1491 1501 3679 
3 1506 1491 1500 3680 
3 1492 1493 1527 3681 
3 1527 1501 1492 3682 
3 1493 1494 1543 3683 
3 1527 1493 1543 3684 
3 1496 1498 1499 3685 
3 1505 1498 1496 3686 
3 1496 1499 1598 3687 
3 1498 1506 1499 3690 
3 1499 1506 1500 3691 
3 1499 1500 1600 3692 
3 1598 1499 1600 3693 
3 1500 1501 1502 3694 
3 1500 1502 1600 3695 
3 1509 1511 1626 3704 
3 1509 1626 1629 3705 
3 1509 1629 1813 3706 
3 1509 1756 1637 3707 
3 1756 1509 1813 3708 
3 1613 1611 1512 3712 
3 1512 1619 1613 3713 
3 1514 1515 1516 3720 
3 1514 1521 1515 3721 
3 1519 1514 1516 3722 
3 1519 1627 1514 3723 
3 1521 1514 1526 3724 
3 1627 1526 1514 3725 
3 1516 1515 2873 3726 
3 1515 1521 1522 3727 
3 1515 1522 3546 3728 
3 2873 1515 3546 3729 
3 2895 1516 2873 3730 
3 1558 1627 1519 3734 
3 1521 1523 1522 3737 
3 1522 1523 3190 3738 
3 1522 3190 3193 3739 
3 3546 1522 3193 3740 
3 1529 1628 1558 3743 
3 1628 1529 1633 3744 
3 1635 1618 1535 3761 
3 1634 1627 1558 3797 
3 1628 1634 1558 3798 
3 1564 1562 1571 3807 
3 1584 1571 1562 3808 
3 1604 1564 1571 3809 
3 1580 1573 1564 3810 
3 1604 1580 1564 3811 
3 1584 1595 1571 3831 
3 1571 1595 1597 3832 
3 1604 1571 1597 3833 
3 1580 1642 1573 3838 
3 1633 1573 1642 3839 
3 1643 1580 1604 3855 
3 1580 1644 1642 3856 
3 1580 1643 1644 3857 
3 1582 1590 1583 3862 
3 1582 1589 1590 3863 
3 1611 1589 1582 3864 
3 1583 1595 1584 3865 
3 1583 1590 1595 3866 
3 1589 1599 1590 3876 
3 1601 1599 1589 3877 
3 1601 1589 1613 3878 
3 1611 1613 1589 3879 
3 1602 1595 1590 3880 
3 1590 1599 1602 3881 
3 1597 1595 1602 3897 
3 1607 1597 1602 3900 
3 1597 1647 1604 3901 
3 1607 1647 1597 3902 
3 1664 1599 1601 3903 
3 1599 1656 1602 3904 
3 1656 1599 1664 3905 
3 1613 1624 1601 3906 
3 1625 1601 1624 3907 
3 1601 1625 1664 3908 
3 1602 1656 1607 3909 
3 1647 1643 1604 3911 
3 1608 1623 1619 3915 
3 1608 1864 1623 3916 
3 1608 1858 1864 3917 
3 1619 1624 1613 3923 
3 1635 1763 1618 3938 
3 1827 1618 1763 3939 
3 1618 1827 3476 3940 
3 1619 1623 1624 3941 
3 1624 1623 1663 3947 
3 1623 1851 1663 3948 
3 1864 1851 1623 3949 
3 1663 1625 1624 3950 
3 1853 1625 1663 3951 
3 1629 1626 2336 3952 
3 1646 1628 1633 3954 
3 1628 1636 1634 3955 
3 1636 1628 1646 3956 
3 1813 1629 1632 3957 
3 1632 1756 1813 3964 
3 1633 1642 1646 3965 
3 1636 1638 1634 3966 
3 1637 1763 1635 3967 
3 1637 1756 1763 3968 
3 1642 1644 1650 3975 
3 1650 1646 1642 3976 
3 1851 1853 1663 4001 
3 1824 1763 1756 4202 
3 1763 1824 1827 4213 
3 1824 3477 1827 4338 
3 3481 3477 1824 4339 
3 1827 3451 3476 4345 
3 1827 3477 3451 4346 
3 1864 1852 1851 4396 
3 1863 1862 1852 4397 
3 1863 1852 1864 4398 
3 1858 1863 1864 4409 
3 1861 1862 1863 4415 
3 1874 1862 1861 4416 
3 1874 1861 1877 4417 
3 1867 1868 1869 4422 
3 1873 1868 1867 4423 
3 1867 1869 1872 4424 
3 1867 1872 1873 4425 
3 2472 1869 1868 4426 
3 1868 1873 2473 4427 
3 2473 2472 1868 4428 
3 1872 1869 1878 4429 
3 1880 1869 1875 4430 
3 1869 2130 1878 4431 
3 1869 1880 2130 4432 
3 1873 1872 1879 4440 
3 1872 1878 1879 4441 
3 1879 1935 1873 4442 
3 1873 1935 2475 4443 
3 2475 2473 1873 4444 
3 1875 1876 1949 4445 
3 1880 1875 1889 4446 
3 1875 1888 1889 4447 
3 1875 1949 1888 4448 
3 1944 1949 1876 4449 
3 2131 1879 1878 4450 
3 1878 2130 2131 4451 
3 1888 1879 1889 4452 
3 1949 1879 1888 4453 
3 1879 2131 1889 4454 
3 1935 1879 1939 4455 
3 1939 1879 1949 4456 
3 1880 1889 2130 4457 
3 1889 2131 2130 4467 
3 1934 1935 1936 4583 
3 1935 1934 2475 4584 
3 1936 3146 1934 4585 
3 1934 2597 2475 4586 
3 1934 3167 2597 4587 
3 1934 3146 3167 4588 
3 1936 1935 1939 4589 
3 1941 1936 1939 4590 
3 1941 3538 1936 4591 
3 1936 3538 3146 4592 
3 1941 1939 1962 4597 
3 1944 1939 1949 4598 
3 1939 1944 1962 4599 
3 1962 1956 1941 4601 
3 1941 1956 3536 4602 
3 1941 3536 3540 4603 
3 3537 3538 1941 4604 
3 3537 1941 3540 4605 
3 2451 2438 2437 5579 
3 2451 2505 2438 5580 
3 2438 2505 2552 5581 
3 2552 2550 2438 5582 
3 2445 2446 2447 5593 
3 2446 2501 2447 5594 
3 2446 2503 2501 5595 
3 3004 2503 2446 5596 
3 2447 2504 2451 5597 
3 2501 2504 2447 5598 
3 2505 2451 2504 5611 
3 2473 2492 2472 5663 
3 2579 2472 2492 5664 
3 2472 2579 2493 5665 
3 2473 2475 2492 5666 
3 2475 2597 2492 5668 
3 2492 2599 2579 5686 
3 2597 2599 2492 5687 
3 2493 2589 2494 5688 
3 2579 2589 2493 5689 
3 2589 2592 2494 5691 
3 2503 2509 2501 5704 
3 2504 2501 2514 5705 
3 2509 2514 2501 5706 
3 2503 2510 2509 5710 
3 2510 2503 3010 5711 
3 3004 3010 2503 5712 
3 2515 2505 2504 5713 
3 2514 2515 2504 5714 
3 2515 2520 2505 5715 
3 2505 2520 2552 5716 
3 2510 2526 2509 5720 
3 2509 2517 2514 5721 
3 2526 2517 2509 5722 
3 2510 2525 2526 5723 
3 3012 2525 2510 5724 
3 3010 3012 2510 5725 
3 2518 2515 2514 5729 
3 2517 2518 2514 5730 
3 2682 2515 2518 5731 
3 2682 2520 2515 5732 
3 2518 2517 2720 5733 
3 2536 2517 2526 5734 
3 2517 2536 2720 5735 
3 2682 2518 2690 5736 
3 2518 2720 2690 5737 
3 2520 2555 2552 5739 
3 2520 2680 2555 5740 
3 2682 2680 2520 5741 
3 2525 2538 2526 5749 
3 2525 2539 2538 5750 
3 3056 2539 2525 5751 
3 3012 3056 2525 5752 
3 2538 2536 2526 5753 
3 2538 2543 2536 5766 
3 2536 2543 2724 5767 
3 2536 2724 2720 5768 
3 2538 2539 2810 5769 
3 2543 2538 2810 5770 
3 2810 2539 3143 5771 
3 3056 3058 2539 5772 
3 3058 3143 2539 5773 
3 2543 2811 2724 5777 
3 2820 2543 2810 5778 
3 2811 2543 2820 5779 
3 2550 2554 2546 5782 
3 2554 2557 2546 5783 
3 2557 2564 2546 5784 
3 2552 2554 2550 5787 
3 2552 2555 2554 5790 
3 2555 2693 2554 5791 
3 2554 2693 2557 5792 
3 2680 2681 2555 5793 
3 2681 2693 2555 5794 
3 2557 2570 2564 5795 
3 2557 2572 2570 5796 
3 2693 2572 2557 5797 
3 2559 2565 2560 5798 
3 2559 2564 2565 5799 
3 2560 2567 2563 5800 
3 2565 2567 2560 5801 
3 2563 2567 3539 5807 
3 3536 2563 3539 5808 
3 2564 2570 2565 5809 
3 2565 2571 2567 5810 
3 2565 2570 2571 5811 
3 2567 2571 3542 5815 
3 2567 3542 3539 5816 
3 2571 2570 2575 5820 
3 2572 2575 2570 5821 
3 2711 2571 2575 5822 
3 2571 2711 3542 5823 
3 2696 2575 2572 5824 
3 2693 2703 2572 5825 
3 2696 2572 2703 5826 
3 2698 2575 2696 5827 
3 2698 2711 2575 5828 
3 2579 3164 2589 5829 
3 2599 3164 2579 5830 
3 2595 2592 2589 5846 
3 2589 3165 2595 5847 
3 3164 3165 2589 5848 
3 2595 2593 2592 5851 
3 2595 2613 2593 5852 
3 2613 2611 2593 5853 
3 2661 2613 2595 5854 
3 2661 2595 3165 5855 
3 2597 3168 2599 5858 
3 3167 3168 2597 5859 
3 3164 2599 3170 5861 
3 3168 3170 2599 5862 
3 2615 2611 2613 5884 
3 2613 2731 2615 5886 
3 2680 2872 2681 5993 
3 2682 2691 2680 5994 
3 2872 2680 2691 5995 
3 2681 2703 2693 5996 
3 2878 2703 2681 5997 
3 2872 2878 2681 5998 
3 2690 2691 2682 5999 
3 2690 2725 2691 6008 
3 2720 2723 2690 6009 
3 2725 2690 2723 6010 
3 2725 2726 2691 6011 
3 2691 2726 2872 6012 
3 2696 2697 2698 6014 
3 2697 2696 2873 6015 
3 2717 2696 2703 6016 
3 2696 2717 2873 6017 
3 2697 2699 2698 6018 
3 3546 2699 2697 6019 
3 2873 3546 2697 6020 
3 2711 2698 2699 6021 
3 3543 2711 2699 6022 
3 3193 3545 2699 6023 
3 3546 3193 2699 6024 
3 2699 3545 3543 6025 
3 2878 2717 2703 6026 
3 3543 3542 2711 6040 
3 2717 2883 2873 6044 
3 2883 2717 2878 6045 
3 2724 2723 2720 6048 
3 2724 2812 2723 6053 
3 2816 2725 2723 6054 
3 2812 2816 2723 6055 
3 2811 2812 2724 6056 
3 2726 2725 2859 6057 
3 2859 2725 2816 6058 
3 2726 2859 2895 6059 
3 2883 2872 2726 6060 
3 2726 2895 2883 6061 
3 2777 3089 3120 6143 
3 2810 3149 2820 6180 
3 3143 3149 2810 6181 
3 2863 2812 2811 6182 
3 2811 2820 3242 6183 
3 2863 2811 3242 6184 
3 2816 2812 2863 6185 
3 3149 3242 2820 6193 
3 2878 2872 2883 6265 
3 2895 2873 2883 6266 
3 2983 3008 2982 6430 
3 3010 3004 2982 6431 
3 3010 2982 3008 6432 
3 2983 3007 3008 6433 
3 2983 3015 3007 6434 
3 3050 3008 3007 6450 
3 3007 3015 3019 6451 
3 3051 3007 3019 6452 
3 3050 3007 3051 6453 
3 3008 3012 3010 6454 
3 3012 3008 3050 6455 
3 3050 3056 3012 6461 
3 3060 3019 3018 6468 
3 3060 3018 3061 6469 
3 3019 3060 3051 6471 
3 3051 3053 3050 6521 
3 3050 3053 3056 6522 
3 3051 3052 3053 6523 
3 3060 3052 3051 6524 
3 3052 3057 3053 6525 
3 3132 3057 3052 6526 
3 3060 3068 3052 6527 
3 3132 3052 3068 6528 
3 3053 3058 3056 6529 
3 3058 3053 3057 6530 
3 3145 3058 3057 6532 
3 3132 3156 3057 6533 
3 3156 3145 3057 6534 
3 3143 3058 3145 6535 
3 3061 3068 3060 6537 
3 3061 3067 3068 6538 
3 3061 3461 3067 6539 
3 3185 3068 3067 6546 
3 3184 3067 3182 6547 
3 3067 3461 3182 6548 
3 3067 3184 3185 6549 
3 3185 3132 3068 6550 
3 3132 3155 3156 6658 
3 3185 3155 3132 6659 
3 3145 3147 3143 6670 
3 3143 3147 3149 6671 
3 3145 3148 3147 6673 
3 3145 3156 3148 6674 
3 3146 3154 3169 6675 
3 3538 3154 3146 6676 
3 3169 3167 3146 6677 
3 3247 3147 3148 6678 
3 3149 3147 3247 6679 
3 3156 3157 3148 6680 
3 3157 3180 3148 6681 
3 3148 3180 3247 6682 
3 3149 3247 3242 6683 
3 3152 3153 3154 6685 
3 3196 3153 3152 6686 
3 3544 3152 3154 6687 
3 3152 3192 3196 6688 
3 3192 3152 3545 6689 
3 3545 3152 3544 6690 
3 3169 3154 3153 6691 
3 3153 3176 3169 6692 
3 3153 3197 3176 6693 
3 3196 3197 3153 6694 
3 3544 3154 3538 6695 
3 3155 3157 3156 6696 
3 3157 3155 3160 6697 
3 3189 3160 3155 6698 
3 3155 3185 3189 6699 
3 3238 3157 3160 6700 
3 3157 3238 3180 6701 
3 3189 3218 3160 6702 
3 3160 3218 3238 6703 
3 3164 3172 3165 6709 
3 3170 3172 3164 6710 
3 3167 3175 3168 6711 
3 3169 3175 3167 6712 
3 3168 3177 3170 6713 
3 3175 3177 3168 6714 
3 3176 3175 3169 6715 
3 3170 3179 3172 6716 
3 3170 3177 3179 6717 
3 3176 3178 3175 6721 
3 3175 3178 3177 6722 
3 3176 3181 3178 6723 
3 3197 3181 3176 6724 
3 3181 3197 3198 6725 
3 3182 3183 3184 6726 
3 3183 3182 3466 6727 
3 3182 3461 3460 6728 
3 3460 3466 3182 6729 
3 3210 3184 3183 6730 
3 3186 3187 3183 6731 
3 3183 3466 3186 6732 
3 3183 3187 3210 6733 
3 3184 3189 3185 6734 
3 3189 3184 3210 6735 
3 3186 3215 3187 6736 
3 3186 3470 3215 6737 
3 3186 3466 3464 6738 
3 3464 3470 3186 6739 
3 3210 3187 3217 6740 
3 3215 3216 3187 6741 
3 3187 3216 3217 6742 
3 3210 3218 3189 6743 
3 3190 3191 3192 6744 
3 3193 3190 3192 6745 
3 3196 3192 3191 6746 
3 3191 3199 3196 6747 
3 3191 3201 3199 6748 
3 3193 3192 3545 6749 
3 3196 3199 3197 6750 
3 3199 3198 3197 6751 
3 3199 3202 3198 6752 
3 3202 3203 3198 6753 
3 3201 3202 3199 6754 
3 3217 3218 3210 6763 
3 3427 3216 3215 6765 
3 3215 3472 3427 6766 
3 3215 3470 3472 6767 
3 3216 3430 3217 6768 
3 3429 3216 3427 6769 
3 3430 3216 3429 6770 
3 3217 3430 3218 6771 
3 3218 3430 3238 6772 
3 3427 3428 3429 6998 
3 3428 3427 3472 6999 
3 3530 3428 3472 7000 
3 3451 3452 3449 7028 
3 3452 3451 3478 7033 
3 3477 3478 3451 7034 
3 3452 3454 3453 7035 
3 3452 3462 3454 7036 
3 3478 3462 3452 7037 
3 3453 3454 3460 7038 
3 3460 3454 3466 7040 
3 3462 3464 3454 7041 
3 3454 3464 3466 7042 
3 3462 3463 3464 7048 
3 3463 3462 3486 7049 
3 3462 3478 3486 7050 
3 3463 3470 3464 7051 
3 3522 3470 3463 7052 
3 3493 3463 3486 7053 
3 3463 3493 3522 7054 
3 3522 3472 3470 7063 
3 3522 3524 3472 7064 
3 3524 3530 3472 7065 
3 3478 3477 3479 7068 
3 3481 3479 3477 7069 
3 3479 3486 3478 7070 
3 3482 3479 3481 7071 
3 3484 3479 3482 7072 
3 3479 3484 3486 7073 
3 3482 3481 3480 7074 
3 3487 3483 3488 7075 
3 3483 3491 3488 7076 
3 3491 3483 3533 7077 
3 3484 3485 3487 7078 
3 3493 3486 3484 7079 
3 3487 3493 3484 7080 
3 3487 3488 3493 7081 
3 3498 3488 3491 7082 
3 3488 3520 3493 7083 
3 3498 3520 3488 7084 
3 3522 3493 3520 7085 
3 3498 3530 3524 7089 
3 3520 3523 3522 7098 
3 3522 3523 3524 7102 
3 3536 3539 3540 7105 
3 3544 3538 3537 7106 
3 3540 3541 3537 7107 
3 3537 3541 3542 7108 
3 3542 3543 3537 7109 
3 3543 3544 3537 7110 
3 3540 3539 3541 7111 
3 3539 3542 3541 7112 
3 3543 3545 3544 7113 
