3 37 38 39 26 
3 40 38 37 27 
3 68 69 40 46 
3 69 70 40 47 
3 40 70 38 48 
3 39 38 87 59 
3 39 87 82 60 
3 87 84 82 62 
3 88 89 87 63 
3 87 89 84 64 
3 84 89 90 65 
3 91 70 69 66 
3 38 70 88 67 
3 91 92 70 68 
3 47 97 45 71 
3 47 98 97 72 
3 45 100 99 74 
3 152 153 154 115 
3 155 156 157 116 
3 70 92 88 118 
3 100 45 97 119 
3 38 88 87 120 
3 160 99 100 122 
3 99 160 159 123 
3 69 161 162 124 
3 162 91 69 125 
3 88 163 89 126 
3 92 163 88 127 
3 97 98 164 128 
3 153 152 165 129 
3 153 165 166 130 
3 160 100 167 131 
3 166 170 153 133 
3 166 171 170 136 
3 172 170 171 137 
3 186 188 184 148 
3 91 208 92 164 
3 209 163 92 165 
3 210 211 212 167 
3 210 214 211 171 
3 210 215 214 172 
3 171 217 172 174 
3 220 221 222 178 
3 217 220 222 182 
3 217 222 172 183 
3 248 241 249 203 
3 214 215 250 204 
3 162 253 254 207 
3 162 254 91 208 
3 254 208 91 209 
3 208 209 92 210 
3 253 257 254 213 
3 258 257 253 215 
3 208 259 209 217 
3 214 258 211 218 
3 253 211 258 220 
3 214 320 258 293 
3 250 320 214 294 
3 320 321 258 295 
3 258 321 257 296 
3 322 323 324 297 
3 250 327 320 301 
3 328 323 329 302 
3 322 329 323 303 
3 330 209 259 304 
3 259 331 330 305 
3 332 159 160 307 
3 254 333 208 308 
3 159 332 324 309 
3 322 324 334 310 
3 332 334 324 311 
3 160 335 332 312 
3 335 336 332 313 
3 257 333 254 335 
3 336 334 332 336 
3 259 208 333 337 
3 259 359 331 340 
3 331 360 330 341 
3 257 362 333 343 
3 321 362 257 344 
3 362 359 333 345 
3 333 359 259 347 
3 359 363 364 348 
3 358 365 361 349 
3 331 359 364 350 
3 365 358 329 351 
3 328 329 358 352 
3 362 363 359 353 
3 365 366 361 355 
3 367 368 365 356 
3 365 368 366 357 
3 186 361 366 358 
3 188 186 366 359 
3 334 369 322 360 
3 322 369 329 361 
3 329 367 365 362 
3 369 367 329 363 
3 370 371 372 364 
3 372 371 373 365 
3 374 375 376 366 
3 376 377 378 367 
3 382 383 384 369 
3 383 386 384 371 
3 375 384 386 373 
3 386 376 375 374 
3 377 376 386 375 
3 378 377 388 378 
3 248 390 391 382 
3 390 248 249 385 
3 393 248 391 386 
3 393 391 157 403 
3 165 391 390 404 
3 165 390 407 405 
3 391 152 157 406 
3 391 165 152 407 
3 408 249 409 409 
3 390 249 408 410 
3 410 411 412 411 
3 411 413 412 412 
3 412 408 410 413 
3 408 412 407 414 
3 408 407 390 415 
3 414 407 412 416 
3 413 411 372 419 
3 414 412 413 420 
3 373 413 372 421 
3 413 417 414 422 
3 413 373 417 423 
3 166 407 414 425 
3 166 414 171 428 
3 166 165 407 430 
3 414 417 171 436 
3 423 424 425 441 
3 220 426 425 442 
3 221 220 425 443 
3 424 423 430 445 
3 431 373 371 446 
3 373 431 432 447 
3 431 426 432 448 
3 431 433 426 449 
3 373 432 417 450 
3 417 217 171 451 
3 417 432 217 452 
3 432 220 217 453 
3 432 426 220 454 
3 433 423 426 455 
3 433 434 423 456 
3 426 423 425 457 
3 438 439 221 459 
3 434 440 430 460 
3 424 430 446 466 
3 430 423 434 469 
3 448 430 440 470 
3 386 383 485 507 
3 500 378 388 520 
3 500 411 410 521 
3 500 388 411 524 
3 388 370 372 528 
3 372 411 388 529 
3 386 504 377 531 
3 386 485 504 532 
3 377 370 388 534 
3 504 370 377 536 
3 485 505 504 538 
3 506 505 485 539 
3 504 505 507 540 
3 504 507 370 542 
3 370 507 371 544 
3 506 509 505 547 
3 507 505 510 548 
3 431 371 514 550 
3 514 433 431 551 
3 433 514 516 553 
3 516 434 433 555 
3 524 516 525 562 
3 532 535 533 572 
3 536 532 537 573 
3 535 532 536 574 
3 533 535 539 577 
3 539 538 533 578 
3 538 539 98 580 
3 47 538 98 581 
3 536 540 541 582 
3 536 541 535 583 
3 535 542 539 584 
3 434 516 524 585 
3 535 541 542 586 
3 543 544 545 587 
3 543 546 544 588 
3 545 544 547 589 
3 546 548 544 590 
3 544 588 547 636 
3 547 588 589 637 
3 590 591 506 641 
3 509 506 591 642 
3 510 505 509 648 
3 514 371 507 649 
3 507 510 514 650 
3 591 545 596 651 
3 591 596 509 654 
3 509 596 525 655 
3 547 596 545 657 
3 509 525 510 659 
3 510 516 514 661 
3 510 525 516 663 
3 596 547 602 666 
3 547 589 602 667 
3 596 602 525 668 
3 524 525 602 670 
3 643 639 638 731 
3 639 644 537 733 
3 639 643 644 735 
3 537 644 536 737 
3 651 644 643 745 
3 662 681 661 786 
3 382 661 383 792 
3 681 383 661 793 
3 83 694 635 802 
3 90 694 83 803 
3 635 694 696 805 
3 695 697 662 806 
3 662 697 681 807 
3 83 84 90 894 
3 695 696 763 898 
3 763 696 694 899 
3 89 163 764 901 
3 764 90 89 904 
3 90 766 694 906 
3 764 766 90 908 
3 766 769 694 911 
3 694 769 763 913 
3 695 763 697 944 
3 681 791 383 947 
3 681 697 791 948 
3 791 485 383 950 
3 763 793 697 951 
3 769 793 763 952 
3 697 793 590 953 
3 697 590 791 955 
3 791 506 485 956 
3 791 590 506 957 
3 769 794 793 958 
3 795 764 163 959 
3 209 795 163 961 
3 795 796 764 963 
3 764 796 766 965 
3 797 769 766 966 
3 796 797 766 967 
3 797 794 769 968 
3 590 793 799 970 
3 793 794 799 973 
3 591 590 799 974 
3 330 804 795 978 
3 795 804 796 980 
3 796 805 797 981 
3 794 543 799 985 
3 545 591 799 987 
3 799 543 545 989 
3 330 795 209 990 
3 330 360 804 992 
3 804 805 796 993 
3 804 807 805 994 
3 797 808 794 995 
3 805 808 797 996 
3 543 794 808 998 
3 360 807 804 1000 
3 807 810 805 1001 
3 805 810 808 1003 
3 808 810 546 1005 
3 810 815 546 1008 
3 808 546 543 1009 
3 882 883 884 1137 
3 883 886 884 1139 
3 890 891 883 1145 
3 890 897 891 1155 
3 919 920 921 1196 
3 920 890 922 1197 
3 920 897 890 1198 
3 941 942 943 1229 
3 941 944 942 1231 
3 941 919 944 1232 
3 941 920 919 1233 
3 941 897 920 1234 
3 941 945 897 1235 
3 941 946 945 1236 
3 941 947 946 1237 
3 941 948 949 1238 
3 950 948 941 1239 
3 947 941 949 1240 
3 941 951 950 1241 
3 941 952 951 1242 
3 941 953 952 1243 
3 941 954 953 1244 
3 955 954 941 1245 
3 1086 1087 1088 1477 
3 1087 1089 1090 1478 
3 1091 1089 1087 1479 
3 1094 884 1095 1486 
3 1095 1086 1094 1488 
3 1095 1091 1086 1489 
3 1086 1091 1087 1493 
3 1089 1098 1090 1496 
3 1089 1101 1098 1499 
3 1098 1103 1090 1503 
3 884 886 1095 1505 
3 1095 1105 1091 1511 
3 1105 1095 886 1513 
3 1105 1106 1091 1514 
3 1105 1107 1106 1515 
3 1089 1091 1106 1516 
3 1089 1106 1101 1517 
3 891 886 883 1518 
3 1108 886 891 1520 
3 891 897 1108 1521 
3 886 1108 1105 1523 
3 1108 1107 1105 1526 
3 1106 1111 1101 1528 
3 1107 1111 1106 1529 
3 1111 1112 1101 1530 
3 1108 897 945 1709 
3 1108 945 1107 1710 
3 1111 1107 945 1712 
3 1210 1103 1211 1719 
3 1103 1098 1211 1720 
3 1211 1212 1210 1721 
3 1250 1251 1252 1785 
3 1252 1251 1253 1786 
3 1098 1284 1211 1828 
3 1098 1101 1284 1829 
3 1211 1286 1212 1831 
3 1284 1286 1211 1833 
3 1286 1288 1212 1835 
3 1212 1288 1290 1838 
3 1112 1284 1101 1841 
3 1112 1292 1284 1842 
3 1284 1292 1286 1843 
3 1286 1292 1293 1849 
3 1112 1111 946 1854 
3 946 1111 945 1858 
3 1292 1112 946 1863 
3 946 947 1292 1867 
3 1292 947 1293 1870 
3 1293 947 1303 1871 
3 947 949 1303 1874 
3 949 1310 1311 1885 
3 949 948 1310 1887 
3 1310 948 1312 1888 
3 1311 1314 1303 1891 
3 949 1311 1303 1905 
3 1314 1290 1288 1923 
3 1314 1331 1332 1926 
3 1310 1331 1311 1927 
3 1314 1311 1331 1929 
3 1331 1310 1336 1932 
3 1310 1312 1336 1933 
3 1288 1286 1293 1938 
3 1303 1314 1288 1940 
3 1293 1303 1288 1943 
3 363 1341 364 1949 
3 1210 327 250 1955 
3 320 1343 321 1957 
3 327 1343 320 1958 
3 1343 1344 321 1959 
3 1344 362 321 1960 
3 1344 363 362 1961 
3 363 1345 1341 1963 
3 1210 1212 327 1964 
3 1346 1347 1348 1965 
3 1347 1346 1350 1969 
3 1348 1347 1250 1971 
3 1351 1250 1347 1973 
3 1348 1250 1252 1974 
3 1352 1347 1350 1976 
3 1355 1356 1357 1981 
3 1360 1361 1362 1986 
3 1362 1361 1365 1989 
3 1362 1365 1355 1991 
3 1356 1355 1365 1995 
3 1357 1356 1350 1998 
3 1357 1350 1346 2001 
3 327 1290 1343 2078 
3 1212 1290 327 2080 
3 1343 1332 1344 2083 
3 1290 1332 1343 2084 
3 1332 1345 1344 2086 
3 1344 1345 363 2088 
3 1345 1331 1336 2090 
3 1332 1331 1345 2092 
3 1336 1341 1345 2094 
3 1290 1314 1332 2096 
3 952 1430 1431 2104 
3 1433 953 1434 2108 
3 953 954 1434 2109 
3 1433 1438 1439 2116 
3 1439 1440 1433 2117 
3 952 1440 1430 2118 
3 1440 952 953 2119 
3 1213 1441 1214 2123 
3 1441 1213 1443 2125 
3 1444 1216 1441 2126 
3 1214 1441 1216 2127 
3 1441 1445 1444 2128 
3 1441 1446 1445 2129 
3 1216 1444 1218 2131 
3 638 1218 1448 2132 
3 1448 1218 1444 2134 
3 643 638 1448 2136 
3 1455 1456 1443 2138 
3 1441 1443 1446 2140 
3 1443 1456 1446 2141 
3 1457 1448 1444 2142 
3 1444 1445 1457 2143 
3 1463 1464 1465 2159 
3 1463 1465 1360 2162 
3 1361 1360 1465 2164 
3 1466 1467 222 2165 
3 222 221 1466 2166 
3 1440 953 1433 2178 
3 524 1473 440 2180 
3 440 434 524 2183 
3 1478 1439 1479 2187 
3 1473 524 602 2188 
3 1312 948 1480 2189 
3 1483 1484 950 2192 
3 951 1485 1483 2193 
3 1485 951 1431 2194 
3 1480 950 1484 2200 
3 948 950 1480 2201 
3 950 951 1483 2202 
3 1431 951 952 2204 
3 1483 1485 1491 2211 
3 1491 1485 1492 2212 
3 1485 1431 1492 2213 
3 1431 1493 1492 2214 
3 1493 1430 1494 2215 
3 1430 1493 1431 2216 
3 1494 1430 1440 2217 
3 1494 1440 1439 2219 
3 364 1341 1496 2222 
3 1496 1498 1499 2224 
3 1500 1501 1502 2229 
3 1505 1496 1341 2233 
3 1341 1336 1505 2235 
3 1505 1498 1496 2236 
3 1498 1506 1499 2237 
3 1509 1510 1511 2241 
3 1467 1464 1463 2242 
3 1467 1466 1464 2243 
3 221 439 1466 2245 
3 1510 1509 1469 2246 
3 1466 1512 1464 2248 
3 1499 1506 1500 2250 
3 1514 1515 1516 2251 
3 1506 1491 1500 2252 
3 1519 1516 1253 2255 
3 1500 1491 1501 2256 
3 1253 1251 1519 2257 
3 1491 1492 1501 2259 
3 1519 1514 1516 2261 
3 1336 1312 1505 2262 
3 1514 1521 1515 2263 
3 1312 1480 1505 2264 
3 1480 1498 1505 2266 
3 1506 1498 1484 2267 
3 1515 1521 1522 2268 
3 1521 1523 1522 2269 
3 1480 1484 1498 2270 
3 1491 1506 1483 2271 
3 1484 1483 1506 2272 
3 1502 815 810 2274 
3 548 546 815 2275 
3 1521 1514 1526 2276 
3 815 1527 548 2277 
3 1250 1529 1251 2279 
3 588 544 548 2297 
3 1543 588 548 2299 
3 588 1478 589 2300 
3 588 1543 1478 2301 
3 1473 602 589 2302 
3 1502 1501 815 2304 
3 1527 815 1501 2307 
3 548 1527 1543 2309 
3 589 1479 1473 2313 
3 1479 589 1478 2315 
3 1527 1501 1492 2316 
3 1527 1493 1543 2317 
3 1492 1493 1527 2319 
3 1493 1494 1543 2320 
3 1529 1558 1251 2336 
3 1251 1558 1519 2337 
3 1352 1350 1562 2339 
3 1562 1564 1352 2341 
3 1351 1347 1352 2343 
3 1250 1351 1529 2348 
3 1564 1562 1571 2350 
3 1352 1573 1351 2353 
3 1352 1564 1573 2355 
3 1580 1573 1564 2366 
3 1465 1582 1361 2368 
3 1583 1365 1361 2369 
3 1361 1582 1583 2371 
3 1365 1583 1584 2373 
3 1584 1356 1365 2374 
3 1356 1562 1350 2375 
3 1562 1356 1584 2377 
3 1584 1571 1562 2381 
3 1582 1589 1590 2383 
3 1582 1590 1583 2386 
3 1583 1595 1584 2389 
3 1583 1590 1595 2391 
3 1584 1595 1571 2394 
3 1571 1595 1597 2396 
3 1543 1494 1478 2397 
3 1494 1439 1478 2398 
3 1598 360 331 2400 
3 364 1598 331 2401 
3 1589 1599 1590 2402 
3 1598 1600 360 2403 
3 1601 1599 1589 2404 
3 1598 1499 1600 2405 
3 1590 1599 1602 2407 
3 360 1600 807 2409 
3 1600 1502 807 2410 
3 1500 1502 1600 2412 
3 1602 1595 1590 2413 
3 1502 810 807 2414 
3 1597 1595 1602 2415 
3 1604 1571 1597 2416 
3 1496 1598 364 2418 
3 1496 1499 1598 2420 
3 1499 1500 1600 2421 
3 1607 1597 1602 2422 
3 438 221 425 2423 
3 425 424 438 2424 
3 438 1608 439 2425 
3 1512 1466 439 2426 
3 1611 1465 1464 2428 
3 1464 1512 1611 2430 
3 1465 1611 1582 2432 
3 1613 1611 1512 2433 
3 1535 1618 1455 2439 
3 439 1608 1619 2440 
3 439 1619 1512 2441 
3 1617 1550 1455 2442 
3 1535 1455 1550 2443 
3 1512 1619 1613 2444 
3 1611 1589 1582 2445 
3 1611 1613 1589 2448 
3 1443 1213 1617 2450 
3 1608 1623 1619 2451 
3 1443 1617 1455 2452 
3 1619 1623 1624 2453 
3 1619 1624 1613 2456 
3 1613 1624 1601 2457 
3 1601 1589 1613 2459 
3 1625 1601 1624 2461 
3 1509 1511 1626 2462 
3 1519 1627 1514 2464 
3 1558 1627 1519 2465 
3 1627 1526 1514 2467 
3 1627 882 1526 2468 
3 1526 1094 1521 2469 
3 1529 1628 1558 2470 
3 157 1629 393 2471 
3 157 1632 1629 2473 
3 1628 1529 1633 2474 
3 1628 1634 1558 2475 
3 1634 1627 1558 2476 
3 1634 882 1627 2478 
3 1526 884 1094 2479 
3 882 884 1526 2480 
3 1628 1636 1634 2481 
3 1469 1509 1637 2482 
3 1638 882 1634 2483 
3 883 882 1638 2485 
3 1351 1573 1633 2486 
3 1633 1529 1351 2488 
3 1604 1564 1571 2490 
3 1604 1580 1564 2492 
3 1580 1642 1573 2496 
3 1643 1580 1604 2498 
3 1580 1644 1642 2499 
3 1580 1643 1644 2500 
3 1633 1573 1642 2502 
3 1646 1628 1633 2503 
3 1633 1642 1646 2504 
3 1647 1643 1604 2506 
3 1650 1646 1642 2510 
3 1636 1628 1646 2515 
3 1636 1638 1634 2517 
3 1636 1646 921 2519 
3 1638 1636 922 2521 
3 921 922 1636 2523 
3 922 890 1638 2524 
3 890 883 1638 2525 
3 1642 1644 1650 2526 
3 1650 921 1646 2528 
3 1650 919 921 2534 
3 920 922 921 2535 
3 1599 1656 1602 2536 
3 1602 1656 1607 2538 
3 1607 1647 1597 2541 
3 1597 1647 1604 2543 
3 1647 1607 942 2544 
3 1663 1625 1624 2549 
3 1664 1599 1601 2550 
3 1601 1625 1664 2551 
3 1656 1599 1664 2552 
3 1509 1756 1637 2714 
3 1470 1469 1637 2717 
3 1528 1637 1635 2720 
3 1470 1637 1528 2721 
3 1637 1756 1763 2725 
3 1637 1763 1635 2727 
3 1509 1629 1813 2801 
3 1813 1629 1632 2802 
3 1632 1756 1813 2811 
3 1756 1509 1813 2812 
3 1635 1618 1535 2815 
3 1635 1763 1618 2817 
3 1632 156 1756 2821 
3 1824 1763 1756 2824 
3 1827 1618 1763 2829 
3 1664 943 1656 2851 
3 1656 943 942 2852 
3 1656 942 1607 2856 
3 944 1643 1647 2857 
3 944 1647 942 2858 
3 1643 944 1644 2860 
3 944 919 1644 2862 
3 1650 1644 919 2865 
3 955 1851 1852 2880 
3 955 1853 1851 2881 
3 1853 1625 1663 2886 
3 1625 1853 943 2887 
3 943 1664 1625 2888 
3 941 1853 955 2890 
3 941 943 1853 2891 
3 1858 1608 438 2892 
3 1861 1862 1863 2896 
3 1608 1858 1864 2897 
3 1858 1863 1864 2899 
3 1608 1864 1623 2900 
3 1863 1862 1852 2901 
3 1863 1852 1864 2903 
3 1864 1852 1851 2904 
3 1864 1851 1623 2905 
3 1624 1623 1663 2906 
3 1623 1851 1663 2907 
3 955 1852 1862 2911 
3 1867 1872 1873 2913 
3 1851 1853 1663 2914 
3 1873 1868 1867 2915 
3 1874 1862 1861 2916 
3 1434 954 1874 2918 
3 1874 954 1862 2919 
3 1862 954 955 2920 
3 1479 1439 1438 2921 
3 1438 1433 1434 2923 
3 1438 1434 1877 2924 
3 1872 1878 1879 2925 
3 1873 1872 1879 2926 
3 1874 1861 1877 2927 
3 1877 1434 1874 2928 
3 448 446 430 2929 
3 424 446 1858 2930 
3 446 1863 1858 2931 
3 424 1858 438 2932 
3 448 1877 1861 2934 
3 446 448 1861 2935 
3 1863 446 1861 2936 
3 1473 1479 1881 2938 
3 1881 440 1473 2939 
3 440 1881 448 2940 
3 1881 1877 448 2941 
3 1438 1881 1479 2942 
3 1877 1881 1438 2943 
3 1875 1888 1889 2951 
3 1934 1935 1936 3007 
3 1935 1879 1939 3010 
3 1936 1935 1939 3012 
3 1941 1936 1939 3013 
3 1879 1935 1873 3015 
3 188 1944 184 3019 
3 184 1944 1876 3022 
3 1875 1876 1949 3027 
3 1944 1949 1876 3030 
3 1949 1879 1888 3032 
3 1939 1879 1949 3033 
3 1875 1949 1888 3036 
3 188 366 1956 3037 
3 368 1956 366 3038 
3 188 1962 1944 3042 
3 188 1956 1962 3043 
3 1939 1944 1962 3047 
3 1944 1939 1949 3201 
3 1962 1956 1941 3215 
3 1941 1939 1962 3244 
3 2131 1879 1878 3332 
3 1879 2131 1889 3342 
3 1880 1889 2130 3344 
3 1880 1875 1889 3354 
3 1889 2131 2130 3360 
3 1888 1879 1889 3385 
3 2355 1511 1510 3950 
3 241 248 246 3971 
3 393 246 248 3981 
3 2341 246 393 3984 
3 1629 1626 2341 3994 
3 2341 393 1629 3995 
3 1509 1626 1629 3996 
3 2442 167 100 4000 
3 167 2442 2443 4001 
3 539 2450 98 4009 
3 164 98 2450 4010 
3 2450 2451 2452 4012 
3 2450 2452 164 4014 
3 164 2442 97 4017 
3 164 2456 2442 4018 
3 97 2442 100 4019 
3 1868 1873 2478 4054 
3 2478 2477 1868 4056 
3 1873 1935 2480 4057 
3 2480 2478 1873 4058 
3 1935 1934 2480 4060 
3 2478 2497 2477 4115 
3 2478 2480 2497 4116 
3 2452 2456 164 4122 
3 2456 2443 2442 4124 
3 2451 2506 2452 4132 
3 2451 2508 2506 4134 
3 2506 2509 2452 4136 
3 2452 2509 2456 4139 
3 2456 2510 2443 4140 
3 2510 2456 2509 4141 
3 2508 2514 2506 4145 
3 2508 2515 2514 4146 
3 2509 2506 2519 4155 
3 2514 2519 2506 4156 
3 2519 2520 2509 4157 
3 2522 2523 2519 4159 
3 2520 2510 2509 4160 
3 2520 2525 2510 4163 
3 2523 2520 2519 4165 
3 2515 2530 2531 4173 
3 2515 2531 2514 4176 
3 2531 2522 2514 4177 
3 2514 2522 2519 4178 
3 2541 2522 2531 4188 
3 2530 2543 2531 4190 
3 2530 2544 2543 4191 
3 2543 2541 2531 4195 
3 2543 2548 2541 4196 
3 160 167 335 4210 
3 335 2551 336 4213 
3 167 2443 2555 4216 
3 2555 335 167 4218 
3 2555 2551 335 4222 
3 2557 2555 2443 4227 
3 2443 2510 2557 4228 
3 2557 2559 2555 4230 
3 2557 2560 2559 4231 
3 2555 2559 2551 4233 
3 2559 2562 2551 4235 
3 2510 2525 2557 4238 
3 334 2564 369 4244 
3 336 2564 334 4247 
3 2564 2565 369 4248 
3 369 2565 367 4251 
3 367 2568 368 4254 
3 2565 2568 367 4255 
3 2551 2569 336 4256 
3 2569 2564 336 4257 
3 2564 2570 2565 4258 
3 2564 2569 2570 4260 
3 2570 2572 2565 4261 
3 2565 2572 2568 4263 
3 2562 2569 2551 4267 
3 2562 2575 2569 4269 
3 2569 2575 2570 4271 
3 2570 2576 2572 4273 
3 2570 2575 2576 4275 
3 2562 2577 2575 4282 
3 2576 2575 2580 4284 
3 2477 2584 2498 4310 
3 2584 2477 2497 4313 
3 2584 2594 2498 4325 
3 2498 2594 2499 4330 
3 2600 2597 2594 4340 
3 2480 2602 2497 4345 
3 2497 2604 2584 4349 
3 2525 2560 2557 4531 
3 2685 2686 2560 4534 
3 2687 2525 2520 4536 
3 2687 2520 2523 4538 
3 2687 2685 2525 4539 
3 2525 2685 2560 4546 
3 2695 2696 2687 4551 
3 2687 2696 2685 4552 
3 2560 2698 2559 4554 
3 2559 2698 2562 4555 
3 2698 2577 2562 4559 
3 2577 2580 2575 4564 
3 2701 2702 2703 4566 
3 2702 2704 2703 4567 
3 2686 2698 2560 4578 
3 2686 2708 2698 4582 
3 2698 2708 2577 4586 
3 2701 2580 2577 4595 
3 2701 2577 2708 4602 
3 2703 2580 2701 4608 
3 2703 2716 2580 4613 
3 2722 2701 2708 4624 
3 2522 2541 2725 4632 
3 2523 2522 2725 4634 
3 2687 2523 2695 4636 
3 2523 2725 2695 4637 
3 2725 2728 2695 4639 
3 2541 2729 2725 4643 
3 2729 2728 2725 4644 
3 2695 2730 2696 4646 
3 2730 2731 2696 4647 
3 37 39 2736 4690 
3 409 234 2788 4772 
3 241 235 249 4773 
3 235 234 249 4775 
3 409 249 234 4776 
3 410 408 409 4777 
3 2548 2543 2815 4833 
3 2541 2548 2729 4835 
3 2548 2816 2729 4837 
3 2729 2817 2728 4844 
3 2730 2695 2728 4855 
3 2821 2730 2728 4861 
3 2816 2548 2825 4867 
3 2816 2817 2729 4870 
3 2817 2821 2728 4972 
3 2864 2730 2821 4977 
3 2821 2817 2868 4987 
3 2868 1252 2821 4993 
3 2685 2877 2686 4997 
3 2701 2722 2878 5000 
3 2702 2701 2878 5001 
3 2883 2708 2686 5004 
3 2877 2685 2696 5007 
3 2877 2883 2686 5012 
3 2722 2888 2878 5016 
3 2883 2722 2708 5027 
3 2696 2731 2877 5029 
3 2888 2877 2731 5032 
3 2883 2877 2888 5034 
3 2900 2878 2888 5037 
3 2888 2722 2883 5040 
3 2731 2900 2888 5043 
3 2821 1252 2864 5059 
3 2864 1252 1253 5063 
3 2900 2864 1253 5065 
3 1516 1515 2878 5068 
3 2731 2864 2900 5077 
3 2731 2730 2864 5079 
3 2900 1516 2878 5254 
3 1253 1516 2900 5257 
3 644 540 536 5262 
3 540 2988 541 5265 
3 540 2989 2988 5266 
3 2450 539 542 5272 
3 541 2988 3010 5326 
3 541 3010 542 5327 
3 542 2451 2450 5328 
3 3010 2451 542 5329 
3 2989 3013 3014 5333 
3 2989 3014 2988 5337 
3 3016 3010 2988 5338 
3 3016 2988 3014 5341 
3 3010 3016 2508 5342 
3 2515 2508 3016 5345 
3 3010 2508 2451 5347 
3 3014 3018 3016 5348 
3 1448 3019 643 5349 
3 1457 3019 1448 5350 
3 651 643 3019 5351 
3 540 644 651 5352 
3 1457 3020 3019 5354 
3 3019 3021 651 5356 
3 3019 3020 3021 5358 
3 651 3021 2989 5360 
3 2989 3021 3013 5362 
3 651 2989 540 5363 
3 3023 3024 3020 5364 
3 3020 3024 3025 5366 
3 3020 3025 3021 5368 
3 3013 3021 3025 5369 
3 409 2788 3032 5396 
3 410 409 3032 5400 
3 376 378 374 5409 
3 3039 374 378 5410 
3 378 3027 3039 5412 
3 3032 3033 500 5415 
3 500 3033 3027 5421 
3 378 500 3027 5425 
3 3032 500 410 5429 
3 3056 3014 3013 5448 
3 3056 3013 3057 5451 
3 3018 3014 3056 5453 
3 3016 3018 2515 5456 
3 3057 3058 3059 5459 
3 3057 3059 3056 5461 
3 3056 3062 3018 5463 
3 3056 3059 3062 5465 
3 3018 2530 2515 5467 
3 3018 3062 2530 5468 
3 3058 3063 3059 5473 
3 3059 3064 3062 5476 
3 3066 3025 3024 5479 
3 3066 3024 3067 5481 
3 3025 3066 3057 5482 
3 3057 3013 3025 5485 
3 3067 3073 3074 5492 
3 3067 3074 3066 5495 
3 3066 3058 3057 5496 
3 3066 3074 3058 5643 
3 3138 3063 3058 5657 
3 3064 3059 3063 5659 
3 3062 2544 2530 5694 
3 3062 3064 2544 5697 
3 3064 3149 2544 5704 
3 3151 3064 3063 5709 
3 3149 3064 3151 5712 
3 2543 2544 2815 5714 
3 1934 2602 2480 5715 
3 2815 2544 3149 5717 
3 1936 3152 1934 5718 
3 3151 3153 3149 5720 
3 3151 3154 3153 5722 
3 3149 3153 3155 5724 
3 3149 3155 2815 5727 
3 2815 3155 2825 5729 
3 3158 3159 3160 5732 
3 3138 3161 3162 5733 
3 3161 3163 3162 5735 
3 3138 3162 3063 5736 
3 3162 3151 3063 5738 
3 3163 3161 3166 5742 
3 2602 2604 2497 5743 
3 2584 3170 2594 5750 
3 2604 3170 2584 5752 
3 3170 3171 2594 5753 
3 2594 3171 2600 5755 
3 1934 3152 3173 5757 
3 1934 3173 2602 5760 
3 3173 3174 2602 5761 
3 3175 3173 3152 5762 
3 2602 3174 2604 5763 
3 3170 2604 3176 5764 
3 3174 3176 2604 5766 
3 3170 3178 3171 5767 
3 3176 3178 3170 5770 
3 3152 3160 3175 5775 
3 3175 3181 3173 5776 
3 3159 3182 3175 5777 
3 3173 3181 3174 5778 
3 3181 3183 3174 5779 
3 3182 3181 3175 5782 
3 3182 3184 3181 5783 
3 3162 3163 3154 5784 
3 3181 3184 3183 5785 
3 3174 3183 3176 5786 
3 3176 3185 3178 5788 
3 3151 3162 3154 5789 
3 3185 161 3178 5791 
3 3175 3160 3159 5793 
3 3163 3186 3154 5794 
3 3182 3187 3184 5797 
3 3188 3189 3190 5802 
3 3190 3073 3188 5804 
3 3191 3074 3073 5805 
3 3073 3190 3191 5806 
3 3191 3138 3074 5807 
3 3184 210 212 5809 
3 3138 3058 3074 5810 
3 3192 3193 3189 5812 
3 3190 3195 3191 5814 
3 3191 3161 3138 5816 
3 3196 3197 3198 5817 
3 3199 3196 3198 5819 
3 1522 1523 3196 5822 
3 1523 1088 3196 5824 
3 1094 1523 1521 5825 
3 1094 1086 1523 5827 
3 1523 1086 1088 5828 
3 3158 3198 3202 5830 
3 3202 3159 3158 5831 
3 3202 3203 3159 5832 
3 3159 3203 3182 5833 
3 3203 3187 3182 5834 
3 210 3184 3187 5836 
3 3202 3198 3197 5837 
3 3187 3203 3204 5840 
3 3204 215 3187 5842 
3 3187 215 210 5844 
3 3202 3205 3203 5846 
3 3197 3205 3202 5847 
3 3205 3204 3203 5849 
3 1088 3197 3196 5850 
3 3197 3207 3205 5854 
3 1088 3207 3197 5855 
3 3207 3208 3205 5856 
3 3207 1090 3208 5858 
3 3205 3208 3204 5859 
3 3208 3209 3204 5860 
3 3208 1103 3209 5863 
3 1090 1103 3208 5865 
3 3204 3209 215 5866 
3 3209 250 215 5868 
3 1087 3207 1088 5871 
3 3216 3190 3189 5894 
3 3189 3193 3216 5896 
3 3195 3190 3216 5898 
3 3161 3191 3195 5903 
3 3221 3222 3193 5909 
3 3193 3222 3223 5911 
3 3216 3193 3223 5915 
3 3216 3224 3195 5916 
3 3223 3224 3216 5921 
3 3195 3224 3166 5923 
3 3195 3166 3161 5928 
3 2825 2548 2815 5953 
3 3163 3244 3186 5992 
3 2816 2825 3248 6003 
3 1348 1252 2868 6010 
3 2868 2817 2816 6012 
3 3155 3153 3253 6025 
3 3253 1346 3248 6027 
3 3155 3253 3248 6030 
3 3155 3248 2825 6036 
3 2868 3248 1348 6039 
3 2868 2816 3248 6043 
3 1087 1090 3207 6104 
3 1103 1210 3209 6108 
3 1210 250 3209 6111 
3 2666 2600 3171 6123 
3 2666 37 2618 6124 
3 68 3171 3178 6126 
3 68 2666 3171 6127 
3 40 2666 68 6128 
3 2666 40 37 6130 
3 3176 3183 3185 6132 
3 68 3178 161 6134 
3 161 69 68 6135 
3 3183 3184 212 6136 
3 3185 3183 212 6137 
3 3185 3286 161 6138 
3 3286 3185 212 6140 
3 3286 162 161 6141 
3 211 3286 212 6142 
3 3286 253 162 6144 
3 211 253 3286 6145 
3 3244 3163 3166 6331 
3 1357 1346 3186 6344 
3 1348 3248 1346 6345 
3 3154 3186 3253 6348 
3 3253 3186 1346 6350 
3 3253 3153 3154 6351 
3 3244 1357 3186 6418 
3 3435 3222 3221 6629 
3 3435 3436 3437 6634 
3 3437 3222 3435 6641 
3 3222 3438 3223 6645 
3 3437 1355 3438 6650 
3 3438 3222 3437 6652 
3 3244 3438 1357 6657 
3 3223 3438 3224 6660 
3 3224 3438 3244 6663 
3 3166 3224 3244 6667 
3 1357 3438 1355 6670 
3 3437 3436 1355 6671 
3 1445 3023 1457 6673 
3 3020 1457 3023 6675 
3 3451 3023 3452 6677 
3 3023 3451 3024 6679 
3 3451 3067 3024 6681 
3 1456 3456 1446 6686 
3 1456 3457 3456 6687 
3 1446 3456 3452 6689 
3 1446 3452 1445 6690 
3 1445 3452 3023 6691 
3 3459 3460 3457 6693 
3 3457 3460 3461 6694 
3 3460 3462 3461 6695 
3 3457 3461 3456 6696 
3 3456 3463 3452 6697 
3 3456 3461 3463 6699 
3 3452 3463 3451 6701 
3 3463 3468 3469 6705 
3 3469 3451 3463 6706 
3 3460 3470 3462 6709 
3 3470 3471 3472 6710 
3 3470 3472 3462 6711 
3 3461 3462 3468 6712 
3 3468 3463 3461 6714 
3 3468 3474 3188 6717 
3 3188 3469 3468 6718 
3 3067 3451 3469 6719 
3 3067 3469 3073 6720 
3 3468 3462 3474 6724 
3 3462 3472 3474 6727 
3 3073 3469 3188 6729 
3 3471 3478 3472 6731 
3 3192 3474 3472 6733 
3 3189 3188 3474 6734 
3 3472 3478 3192 6735 
3 3189 3474 3192 6736 
3 3221 3478 3480 6738 
3 3192 3478 3221 6739 
3 3192 3221 3193 6740 
3 3484 1455 1618 6745 
3 1618 1827 3484 6746 
3 1455 3484 1456 6747 
3 1827 3485 3459 6748 
3 3485 3486 3459 6749 
3 1827 3459 3484 6750 
3 3484 3457 1456 6751 
3 3459 3457 3484 6752 
3 3486 3485 3487 6753 
3 3460 3459 3486 6754 
3 3486 3470 3460 6755 
3 1632 157 156 6756 
3 1824 1756 156 6757 
3 1763 1824 1827 6758 
3 157 152 155 6759 
3 155 152 3488 6760 
3 156 155 3489 6761 
3 3488 3489 155 6762 
3 156 3489 1824 6763 
3 1824 3485 1827 6764 
3 3489 3485 1824 6765 
3 3488 152 3490 6766 
3 3490 3489 3488 6767 
3 3490 3487 3489 6768 
3 3489 3487 3485 6769 
3 3491 154 153 6770 
3 153 170 3491 6772 
3 3492 3487 3490 6777 
3 3490 154 3492 6780 
3 3493 3492 154 6781 
3 3487 3492 3494 6784 
3 3487 3494 3486 6786 
3 3470 3486 3494 6788 
3 3495 3491 3496 6791 
3 154 3491 3495 6792 
3 154 3495 3493 6793 
3 3491 3499 3496 6795 
3 3492 3493 3495 6796 
3 3501 3494 3492 6805 
3 3495 3501 3492 6813 
3 3501 3471 3494 6815 
3 3471 3470 3494 6817 
3 3495 3496 3501 6823 
3 3490 152 154 6827 
3 3506 3496 3499 6834 
3 3506 3528 3496 6953 
3 3496 3528 3501 6956 
3 3530 3501 3528 6959 
3 3528 3531 3530 6961 
3 3471 3501 3530 6964 
3 3530 3478 3471 6965 
3 3528 3506 3531 6966 
3 3530 3531 3532 6968 
3 1355 3436 1362 6979 
3 3531 3506 3532 6983 
3 3530 3480 3478 6987 
3 3530 3532 3480 6990 
3 3506 1362 3538 6995 
3 3506 3538 3532 6998 
3 3436 3538 1362 6999 
3 3538 3436 3480 7005 
3 3532 3538 3480 7006 
3 3436 3435 3480 7011 
3 3221 3480 3435 7013 
3 3506 3499 1360 7015 
3 3499 1463 1360 7017 
3 3506 1360 1362 7019 
3 170 172 3541 7021 
3 3541 3491 170 7024 
3 3499 3491 3541 7026 
3 3541 172 1467 7028 
3 3541 1467 1463 7029 
3 1463 3499 3541 7030 
3 222 1467 172 7034 
3 3544 368 2568 7040 
3 3544 1956 368 7042 
3 3545 3546 1941 7043 
3 1941 1956 3544 7044 
3 3544 2568 3547 7045 
3 2568 2572 3547 7046 
3 3545 1941 3548 7047 
3 1941 3544 3548 7048 
3 3548 3549 3545 7049 
3 3544 3547 3548 7050 
3 2572 2576 3550 7051 
3 2572 3550 3547 7052 
3 3545 3549 3550 7053 
3 3547 3550 3549 7054 
3 3548 3547 3549 7055 
3 1941 3546 1936 7056 
3 1936 3546 3152 7057 
3 3546 3160 3152 7058 
3 3550 3551 3545 7059 
3 3551 3550 2716 7060 
3 3552 3546 3545 7061 
3 3551 3552 3545 7062 
3 3552 3160 3546 7063 
3 3551 2716 2704 7064 
3 2704 3553 3551 7066 
3 3551 3553 3552 7067 
3 3553 3158 3552 7068 
3 3552 3158 3160 7069 
3 3199 3553 2704 7070 
3 2576 2716 3550 7071 
3 2716 2576 2580 7072 
3 2716 2703 2704 7073 
3 2878 3554 2702 7074 
3 2878 1515 3554 7075 
3 3554 2704 2702 7076 
3 3554 3199 2704 7077 
3 3198 3158 3553 7078 
3 3199 3198 3553 7079 
3 1515 1522 3554 7080 
3 3554 1522 3199 7081 
3 1522 3196 3199 7082 
