3 1250 1251 1252 1785 
3 1252 1251 1253 1786 
3 1514 1515 1516 2251 
3 1519 1516 1253 2255 
3 1253 1251 1519 2257 
3 1519 1514 1516 2261 
3 1514 1521 1515 2263 
3 1515 1521 1522 2268 
3 1521 1523 1522 2269 
3 1521 1514 1526 2276 
3 1250 1529 1251 2279 
3 1529 1558 1251 2336 
3 1251 1558 1519 2337 
3 1250 1351 1529 2348 
3 1519 1627 1514 2464 
3 1558 1627 1519 2465 
3 1627 1526 1514 2467 
3 1526 1094 1521 2469 
3 1934 1935 1936 3007 
3 1936 1935 1939 3012 
3 1941 1936 1939 3013 
3 1962 1956 1941 3215 
3 1941 1939 1962 3244 
3 1935 1934 2480 4060 
3 2559 2562 2551 4235 
3 2564 2570 2565 4258 
3 2564 2569 2570 4260 
3 2570 2572 2565 4261 
3 2565 2572 2568 4263 
3 2562 2569 2551 4267 
3 2562 2575 2569 4269 
3 2569 2575 2570 4271 
3 2570 2576 2572 4273 
3 2570 2575 2576 4275 
3 2562 2577 2575 4282 
3 2576 2575 2580 4284 
3 2480 2602 2497 4345 
3 2497 2604 2584 4349 
3 2560 2698 2559 4554 
3 2559 2698 2562 4555 
3 2698 2577 2562 4559 
3 2577 2580 2575 4564 
3 2701 2702 2703 4566 
3 2702 2704 2703 4567 
3 2686 2698 2560 4578 
3 2686 2708 2698 4582 
3 2698 2708 2577 4586 
3 2701 2580 2577 4595 
3 2701 2577 2708 4602 
3 2703 2580 2701 4608 
3 2703 2716 2580 4613 
3 2722 2701 2708 4624 
3 2701 2722 2878 5000 
3 2702 2701 2878 5001 
3 2883 2708 2686 5004 
3 2877 2883 2686 5012 
3 2722 2888 2878 5016 
3 2883 2722 2708 5027 
3 2888 2877 2731 5032 
3 2883 2877 2888 5034 
3 2900 2878 2888 5037 
3 2888 2722 2883 5040 
3 2731 2900 2888 5043 
3 2864 1252 1253 5063 
3 2900 2864 1253 5065 
3 1516 1515 2878 5068 
3 2731 2864 2900 5077 
3 2900 1516 2878 5254 
3 1253 1516 2900 5257 
3 1934 2602 2480 5715 
3 1936 3152 1934 5718 
3 3158 3159 3160 5732 
3 2602 2604 2497 5743 
3 1934 3152 3173 5757 
3 1934 3173 2602 5760 
3 3173 3174 2602 5761 
3 3175 3173 3152 5762 
3 2602 3174 2604 5763 
3 3152 3160 3175 5775 
3 3175 3181 3173 5776 
3 3159 3182 3175 5777 
3 3173 3181 3174 5778 
3 3182 3181 3175 5782 
3 3175 3160 3159 5793 
3 3196 3197 3198 5817 
3 3199 3196 3198 5819 
3 1522 1523 3196 5822 
3 1523 1088 3196 5824 
3 1094 1523 1521 5825 
3 3158 3198 3202 5830 
3 3202 3159 3158 5831 
3 3202 3203 3159 5832 
3 3159 3203 3182 5833 
3 3202 3198 3197 5837 
3 3202 3205 3203 5846 
3 3197 3205 3202 5847 
3 3205 3204 3203 5849 
3 1088 3197 3196 5850 
3 3197 3207 3205 5854 
3 1088 3207 3197 5855 
3 3207 3208 3205 5856 
3 3205 3208 3204 5859 
3 3545 3546 1941 7043 
3 1941 1956 3544 7044 
3 3544 2568 3547 7045 
3 2568 2572 3547 7046 
3 3545 1941 3548 7047 
3 1941 3544 3548 7048 
3 3548 3549 3545 7049 
3 3544 3547 3548 7050 
3 2572 2576 3550 7051 
3 2572 3550 3547 7052 
3 3545 3549 3550 7053 
3 3547 3550 3549 7054 
3 3548 3547 3549 7055 
3 1941 3546 1936 7056 
3 1936 3546 3152 7057 
3 3546 3160 3152 7058 
3 3550 3551 3545 7059 
3 3551 3550 2716 7060 
3 3552 3546 3545 7061 
3 3551 3552 3545 7062 
3 3552 3160 3546 7063 
3 3551 2716 2704 7064 
3 2704 3553 3551 7066 
3 3551 3553 3552 7067 
3 3553 3158 3552 7068 
3 3552 3158 3160 7069 
3 3199 3553 2704 7070 
3 2576 2716 3550 7071 
3 2716 2576 2580 7072 
3 2716 2703 2704 7073 
3 2878 3554 2702 7074 
3 2878 1515 3554 7075 
3 3554 2704 2702 7076 
3 3554 3199 2704 7077 
3 3198 3158 3553 7078 
3 3199 3198 3553 7079 
3 1515 1522 3554 7080 
3 3554 1522 3199 7081 
3 1522 3196 3199 7082 
