3 9 10 11 3 
3 12 13 14 4 
3 15 16 17 5 
3 21 22 23 7 
3 24 25 26 8 
3 27 28 29 9 
3 33 34 35 11 
3 36 25 24 12 
3 40 41 42 14 
3 33 43 44 15 
3 45 46 47 16 
3 12 57 58 20 
3 59 60 61 21 
3 65 66 43 23 
3 70 71 72 25 
3 79 80 81 28 
3 82 83 84 29 
3 70 85 71 30 
3 86 29 87 31 
3 88 89 90 32 
3 92 93 94 34 
3 101 102 103 37 
3 104 105 106 38 
3 110 111 112 40 
3 7 113 114 41 
3 116 117 118 43 
3 122 123 124 45 
3 125 126 127 46 
3 131 132 133 48 
3 134 135 136 49 
3 137 138 139 50 
3 140 141 142 51 
3 143 144 145 52 
3 146 147 148 53 
3 168 169 170 61 
3 171 172 173 62 
3 174 175 176 63 
3 177 178 179 64 
3 180 181 182 65 
3 58 57 192 69 
3 196 197 198 71 
3 202 203 204 73 
3 205 206 207 74 
3 211 212 47 76 
3 213 214 215 77 
3 216 217 218 78 
3 219 220 221 79 
3 222 223 224 80 
3 225 226 227 81 
3 228 229 230 82 
3 180 233 234 84 
3 235 236 237 85 
3 241 242 243 87 
3 247 248 249 89 
3 250 251 252 90 
3 253 254 255 91 
3 83 256 84 92 
3 262 263 264 95 
3 265 266 267 96 
3 268 269 270 97 
3 274 138 275 99 
3 278 279 280 101 
3 146 281 282 102 
3 286 287 288 104 
3 289 290 93 105 
3 291 46 292 106 
3 296 297 298 108 
3 307 308 226 112 
3 323 324 25 119 
3 325 326 327 120 
3 40 328 329 121 
3 330 5 4 122 
3 334 335 336 124 
3 36 175 323 125 
3 337 338 203 126 
3 343 344 345 129 
3 346 347 85 130 
3 349 350 351 132 
3 352 329 328 133 
3 353 354 355 134 
3 356 357 358 135 
3 359 360 361 136 
3 362 363 364 137 
3 365 366 367 138 
3 374 375 182 142 
3 268 378 269 144 
3 235 237 379 145 
3 381 382 383 147 
3 384 385 386 148 
3 387 388 389 149 
3 390 391 392 150 
3 393 394 395 151 
3 396 397 398 152 
3 402 403 404 154 
3 412 413 414 158 
3 416 417 418 160 
3 419 420 421 161 
3 425 426 427 163 
3 207 428 82 164 
3 356 433 434 167 
3 437 173 438 169 
3 439 440 441 170 
3 382 447 448 173 
3 451 452 379 175 
3 453 454 455 176 
3 338 456 203 177 
3 460 391 461 179 
3 464 465 466 182 
3 467 468 469 183 
3 470 471 472 184 
3 480 481 482 188 
3 486 487 488 190 
3 491 492 493 192 
3 497 498 172 194 
3 502 503 504 196 
3 505 506 507 197 
3 508 509 510 198 
3 513 514 515 201 
3 528 447 529 207 
3 59 61 23 208 
3 533 534 66 210 
3 0 2 535 211 
3 384 536 537 212 
3 538 539 540 213 
3 541 542 543 214 
3 544 413 225 215 
3 545 546 547 216 
3 548 549 256 217 
3 502 550 503 218 
3 551 552 553 219 
3 554 501 500 220 
3 557 558 559 222 
3 323 175 566 226 
3 567 568 144 227 
3 404 118 569 228 
3 570 233 571 229 
3 572 573 574 230 
3 579 580 581 233 
3 113 398 397 235 
3 24 26 585 237 
3 586 282 281 238 
3 89 587 90 239 
3 588 589 590 240 
3 591 592 254 241 
3 593 594 595 242 
3 596 597 598 243 
3 599 600 601 244 
3 603 604 605 246 
3 617 618 619 252 
3 620 621 622 253 
3 403 623 624 254 
3 626 627 335 256 
3 628 629 630 257 
3 633 506 634 259 
3 635 636 637 260 
3 638 639 640 261 
3 644 278 280 264 
3 88 645 646 265 
3 649 650 651 267 
3 652 653 654 268 
3 655 656 657 269 
3 666 237 236 273 
3 667 668 669 274 
3 670 671 672 275 
3 673 674 675 276 
3 414 676 677 277 
3 678 679 680 278 
3 681 682 683 279 
3 26 25 684 280 
3 685 640 686 281 
3 33 44 34 283 
3 688 106 689 284 
3 690 691 692 285 
3 693 560 694 286 
3 695 696 697 287 
3 698 699 700 288 
3 467 217 216 289 
3 701 702 703 290 
3 322 131 704 291 
3 705 706 707 292 
3 708 709 710 294 
3 176 711 712 295 
3 713 714 304 296 
3 590 288 287 297 
3 456 204 203 298 
3 110 534 717 300 
3 718 719 720 301 
3 241 721 722 302 
3 291 723 724 303 
3 728 729 730 305 
3 65 533 66 308 
3 736 169 737 309 
3 290 394 740 311 
3 743 744 745 313 
3 749 542 750 315 
3 753 754 61 317 
3 755 756 206 318 
3 757 168 170 319 
3 603 763 546 322 
3 764 765 766 323 
3 773 774 775 327 
3 776 504 777 329 
3 778 173 779 330 
3 786 460 787 333 
3 788 789 5 334 
3 296 174 176 336 
3 791 508 792 337 
3 793 794 465 338 
3 798 799 800 340 
3 801 802 803 342 
3 114 131 322 343 
3 811 812 813 347 
3 814 815 816 348 
3 817 818 819 349 
3 821 822 254 351 
3 21 826 827 353 
3 40 42 441 354 
3 40 92 41 355 
3 828 829 830 356 
3 840 841 842 362 
3 843 844 845 363 
3 132 847 848 365 
3 142 849 850 366 
3 591 254 253 367 
3 467 469 217 369 
3 438 853 854 370 
3 856 857 140 372 
3 865 866 867 376 
3 122 124 871 380 
3 685 71 873 382 
3 728 874 875 383 
3 419 233 876 384 
3 879 880 814 386 
3 886 689 887 390 
3 893 678 553 394 
3 698 894 895 395 
3 898 600 599 397 
3 902 267 903 400 
3 382 907 908 403 
3 909 910 911 404 
3 912 417 913 405 
3 917 918 919 407 
3 920 921 802 408 
3 439 441 42 409 
3 719 764 922 410 
3 112 281 146 412 
3 924 263 706 413 
3 925 926 142 414 
3 929 451 623 416 
3 930 931 932 417 
3 934 935 346 419 
3 88 912 913 420 
3 637 936 937 421 
3 640 938 686 422 
3 939 547 940 423 
3 929 944 452 425 
3 634 506 945 426 
3 946 947 222 427 
3 951 946 952 429 
3 953 554 500 430 
3 954 950 955 431 
3 959 256 549 434 
3 87 960 961 435 
3 965 966 967 439 
3 720 968 402 440 
3 776 969 504 441 
3 425 970 971 442 
3 972 973 974 443 
3 978 652 654 445 
3 979 980 981 446 
3 982 983 984 448 
3 416 986 417 450 
3 993 994 995 453 
3 996 997 998 454 
3 470 472 1000 456 
3 1001 1002 729 457 
3 1007 1008 264 462 
3 278 1009 279 463 
3 1011 1012 1013 465 
3 1014 1015 1016 466 
3 292 46 45 467 
3 241 1017 242 468 
3 1022 911 1023 473 
3 1024 1025 1026 474 
3 1027 1028 1029 475 
3 1030 1031 1032 476 
3 865 1033 894 477 
3 1034 1009 360 478 
3 982 984 545 480 
3 1015 146 148 481 
3 1038 1039 81 483 
3 1040 967 966 484 
3 390 1041 1042 485 
3 1044 1045 550 487 
3 1046 237 118 488 
3 1047 1048 393 489 
3 1056 1057 841 493 
3 1058 917 275 494 
3 811 1059 812 495 
3 793 465 464 496 
3 1064 1065 435 501 
3 1066 173 172 502 
3 1067 1068 1069 503 
3 1073 1074 1075 505 
3 1076 1077 829 506 
3 134 1078 387 507 
3 349 421 350 508 
3 714 148 147 509 
3 1080 1081 1082 511 
3 1096 792 1097 517 
3 1098 1099 1100 518 
3 1029 1101 1102 521 
3 714 147 304 522 
3 412 1103 1104 523 
3 1105 1106 1107 524 
3 1108 1109 1110 525 
3 1111 1112 16 526 
3 701 703 1115 529 
3 1117 1118 1119 531 
3 1011 1013 1120 532 
3 1122 1123 1124 535 
3 754 969 1125 536 
3 818 1126 1107 538 
3 255 792 1096 542 
3 980 1130 169 543 
3 1133 1134 1135 547 
3 1136 124 123 548 
3 1137 1138 1139 549 
3 1140 569 1141 550 
3 1142 396 1143 551 
3 1144 1145 1146 552 
3 764 766 435 553 
3 86 27 29 555 
3 469 1147 1134 556 
3 1027 1148 1149 557 
3 670 345 970 559 
3 456 566 204 560 
3 241 722 1151 562 
3 840 918 1039 563 
3 1152 1153 571 564 
3 1157 1158 1159 567 
3 1160 1161 1162 568 
3 1163 995 1164 569 
3 1165 1166 80 570 
3 1167 1168 1169 571 
3 395 394 290 573 
3 624 1170 404 574 
3 1118 1171 214 575 
3 803 243 1172 576 
3 1173 1174 1175 577 
3 1179 1180 1181 579 
3 1182 1146 1183 580 
3 1184 1185 1125 581 
3 817 1126 818 583 
3 1186 1187 668 584 
3 1188 1141 1098 585 
3 1187 1189 1190 586 
3 357 1191 1192 587 
3 1194 592 212 589 
3 1195 1196 1197 590 
3 505 216 139 591 
3 1200 1201 1126 593 
3 841 1057 850 594 
3 255 1205 1206 597 
3 229 1207 230 598 
3 1120 1013 1213 601 
3 414 677 1103 602 
3 1214 1215 1216 603 
3 936 706 937 604 
3 437 854 600 605 
3 1217 967 1040 606 
3 667 1218 668 607 
3 1224 880 1225 613 
3 1226 334 1227 614 
3 887 106 105 616 
3 336 1232 1233 618 
3 1214 1234 1235 619 
3 447 594 448 620 
3 1236 974 973 621 
3 1240 35 693 623 
3 9 11 116 624 
3 1025 1243 1244 627 
3 1245 1246 1247 628 
3 1248 1249 1250 629 
3 1253 879 1048 631 
3 1257 1258 1259 634 
3 1006 954 955 635 
3 1260 1261 1262 637 
3 979 1266 1130 640 
3 1187 737 1189 642 
3 61 1270 826 643 
3 1064 1271 1272 644 
3 1273 672 1274 645 
3 1279 1280 127 648 
3 65 1281 533 649 
3 822 255 254 650 
3 811 813 1032 651 
3 1284 1285 1286 653 
3 954 34 1014 654 
3 355 1287 595 655 
3 1022 1023 1288 658 
3 269 866 865 659 
3 1292 1293 1294 661 
3 1295 1296 593 662 
3 1045 1297 550 663 
3 571 233 419 667 
3 1305 1306 1111 668 
3 1307 1308 1309 669 
3 1183 1312 1313 671 
3 1153 1315 571 673 
3 1292 1319 1293 676 
3 212 592 1320 677 
3 744 553 680 681 
3 1307 1309 1013 683 
3 1325 24 1326 686 
3 1327 1328 742 688 
3 672 671 1197 689 
3 655 1331 1332 692 
3 821 254 1194 694 
3 1335 1017 993 695 
3 269 378 866 696 
3 1336 1337 1338 697 
3 497 172 945 698 
3 325 1339 946 700 
3 1340 1341 1342 701 
3 440 124 144 702 
3 586 1343 1344 703 
3 1015 148 1016 704 
3 113 397 131 705 
3 1029 1313 1101 706 
3 918 842 849 707 
3 798 1348 1349 710 
3 1350 947 1351 711 
3 1352 684 960 712 
3 674 1353 675 713 
3 1354 917 1058 714 
3 1359 1360 1361 718 
3 929 452 451 719 
3 202 1365 1366 721 
3 353 355 595 723 
3 1368 798 1369 724 
3 567 144 1136 726 
3 1245 1373 1246 727 
3 1374 469 874 728 
3 1375 281 112 729 
3 1376 1365 1377 730 
3 1111 1380 1112 733 
3 1388 1389 1390 740 
3 1391 343 1392 741 
3 1393 249 1394 743 
3 499 1395 72 744 
3 972 1272 973 745 
3 1398 1253 1048 747 
3 1142 853 498 748 
3 241 1151 1017 749 
3 1288 911 1400 752 
3 1038 1401 1402 755 
3 1167 1403 1404 756 
3 402 404 569 758 
3 385 1406 666 761 
3 269 1407 833 763 
3 1408 903 515 765 
3 1409 763 1410 766 
3 1412 1413 967 768 
3 1014 34 44 769 
3 1152 765 1068 771 
3 1418 1419 1420 774 
3 227 226 1421 775 
3 1426 618 1427 778 
3 510 1097 792 782 
3 1429 1430 1361 783 
3 934 1431 646 784 
3 1432 1376 1258 785 
3 1435 345 344 788 
3 1436 1437 1438 789 
3 176 175 711 790 
3 1261 196 1262 791 
3 505 139 1439 792 
3 1443 134 1444 797 
3 586 1344 1445 798 
3 698 700 894 801 
3 1447 1448 1292 802 
3 467 1449 468 804 
3 912 418 417 809 
3 44 66 534 811 
3 1454 1455 1456 812 
3 1457 1458 427 813 
3 1459 1038 10 814 
3 1373 393 1460 816 
3 593 595 1287 817 
3 1348 1461 1462 819 
3 514 1287 355 820 
3 1463 775 1138 821 
3 1464 1217 1394 822 
3 1465 1466 875 823 
3 384 537 385 824 
3 1467 1468 1469 825 
3 1349 1472 799 827 
3 1120 1473 539 828 
3 382 448 907 829 
3 1477 360 1478 831 
3 387 1078 388 833 
3 467 507 633 834 
3 1257 1482 617 837 
3 1135 1134 1147 838 
3 1368 1369 1484 840 
3 799 539 1485 841 
3 1159 1158 1486 842 
3 798 1487 1348 843 
3 349 1488 421 844 
3 1482 1489 1306 845 
3 1192 651 650 847 
3 1133 1490 1134 848 
3 1493 343 1413 851 
3 636 1494 1495 853 
3 1497 1468 1467 855 
3 1188 1140 1141 856 
3 1435 1498 1499 857 
3 840 1039 1459 858 
3 1152 1068 1153 859 
3 714 1016 148 861 
3 1117 1171 1118 862 
3 1484 1320 592 863 
3 1288 1023 911 864 
3 1500 1501 883 865 
3 1502 116 1406 866 
3 1029 1503 1313 867 
3 1502 1504 9 868 
3 1506 1124 1430 870 
3 1507 1508 1506 871 
3 944 379 452 873 
3 1112 1509 1510 874 
3 588 1511 589 876 
3 1388 579 581 877 
3 1421 226 308 879 
3 1517 57 135 883 
3 250 893 553 884 
3 845 848 847 885 
3 1518 1519 1175 886 
3 909 1521 1522 889 
3 588 207 756 890 
3 1281 93 740 891 
3 541 140 1056 892 
3 1248 1523 1524 893 
3 1525 224 921 895 
3 1190 1189 1528 899 
3 384 386 647 900 
3 1117 1455 1529 901 
3 125 1530 1531 903 
3 1040 966 1532 905 
3 1533 705 1081 907 
3 773 1388 774 909 
3 1535 288 1536 910 
3 1136 144 124 911 
3 21 1537 1538 913 
3 1258 1539 1259 914 
3 839 321 384 916 
3 357 13 12 917 
3 1540 1541 1542 918 
3 117 1401 1099 919 
3 1543 1532 966 921 
3 865 867 1033 923 
3 1153 570 1315 924 
3 984 639 1547 925 
3 1027 1549 1028 927 
3 721 1392 1550 928 
3 1556 1059 1557 933 
3 286 1558 1559 934 
3 374 182 181 935 
3 1184 1125 776 937 
3 1562 1517 135 938 
3 321 704 543 940 
3 1376 1377 1563 941 
3 724 1408 354 942 
3 1437 573 178 944 
3 959 539 1564 945 
3 1565 1248 1250 946 
3 774 1566 775 947 
3 1359 630 629 950 
3 1569 701 1115 951 
3 358 12 1570 953 
3 1493 1413 1412 957 
3 1213 1013 1309 958 
3 1187 1190 668 961 
3 1358 652 931 962 
3 856 133 857 963 
3 586 455 454 966 
3 466 1578 1579 967 
3 1418 363 1419 968 
3 1008 1467 1580 970 
3 1581 1582 1583 971 
3 549 1584 1369 973 
3 1502 543 1504 974 
3 910 1558 1400 975 
3 1585 993 1586 976 
3 1426 1593 618 983 
3 1594 729 1595 984 
3 1457 427 1596 986 
3 1597 1598 1599 987 
3 227 1600 1601 988 
3 1602 1603 416 989 
3 1368 592 591 991 
3 558 361 559 994 
3 321 543 536 996 
3 1608 1609 1461 998 
3 1610 1611 1612 999 
3 104 1612 535 1000 
3 1245 908 1296 1001 
3 1613 1528 737 1002 
3 586 1445 898 1003 
3 253 1614 1615 1006 
3 1616 1328 453 1007 
3 776 777 1618 1010 
3 1556 1557 540 1011 
3 1620 1621 83 1015 
3 1449 1622 468 1016 
3 766 1064 435 1018 
3 986 286 288 1020 
3 1626 1627 1628 1021 
3 580 1629 1630 1022 
3 1632 1633 335 1024 
3 978 1465 1133 1025 
3 1634 1463 981 1026 
3 1257 1635 1636 1028 
3 718 1140 1188 1029 
3 144 568 145 1031 
3 505 945 506 1032 
3 1640 1206 1205 1033 
3 695 697 1641 1034 
3 1642 1643 635 1035 
3 1163 1164 793 1040 
3 1646 1647 1648 1042 
3 1649 1186 940 1043 
3 358 357 12 1044 
3 1374 730 217 1047 
3 15 461 1653 1049 
3 540 539 1473 1050 
3 1654 1655 1611 1051 
3 1656 1482 1257 1052 
3 1539 951 1657 1053 
3 1594 1149 1658 1054 
3 1011 1549 1012 1055 
3 138 1661 1101 1058 
3 1662 1620 428 1059 
3 545 547 939 1060 
3 1663 1500 882 1061 
3 1273 1274 994 1062 
3 1194 212 211 1063 
3 330 788 5 1065 
3 1664 1389 1388 1066 
3 70 912 1431 1068 
3 1028 1549 1609 1069 
3 1153 1666 1667 1070 
3 1668 1559 1558 1071 
3 1046 118 1170 1072 
3 873 71 85 1073 
3 480 1103 481 1074 
3 708 499 686 1075 
3 871 558 557 1076 
3 1669 1670 1532 1078 
3 291 45 1024 1079 
3 1671 1672 1271 1080 
3 557 559 278 1081 
3 366 394 367 1085 
3 1677 1678 1679 1087 
3 1680 1468 1497 1088 
3 1681 1069 765 1089 
3 438 173 853 1090 
3 696 1682 697 1091 
3 1634 775 1463 1097 
3 1352 960 29 1098 
3 1686 581 580 1099 
3 1687 223 1688 1101 
3 1579 102 101 1104 
3 1224 815 814 1105 
3 481 1103 677 1106 
3 180 182 1691 1107 
3 1124 629 628 1108 
3 585 28 198 1111 
3 1245 1696 1373 1112 
3 354 515 355 1113 
3 1419 363 1489 1116 
3 1698 593 1287 1117 
3 1187 736 737 1118 
3 1701 919 926 1120 
3 624 1702 1170 1121 
3 1703 1704 1420 1122 
3 1454 1456 1507 1123 
3 126 264 263 1124 
3 1225 880 1412 1125 
3 1705 1213 1309 1126 
3 921 224 702 1127 
3 1706 1707 221 1128 
3 1110 1686 580 1130 
3 1038 81 1401 1133 
3 1435 1499 345 1136 
3 1525 1539 1657 1138 
3 1714 622 1337 1140 
3 931 1133 1135 1142 
3 1375 481 1344 1144 
3 1715 1158 1669 1145 
3 2 1163 793 1146 
3 222 1688 223 1147 
3 1716 1717 670 1148 
3 1375 112 111 1150 
3 137 218 1002 1151 
3 723 1408 724 1152 
3 1182 1718 1146 1154 
3 1719 509 1666 1156 
3 278 559 1009 1157 
3 1720 683 682 1158 
3 1698 101 1721 1159 
3 448 594 907 1160 
3 908 907 1296 1161 
3 1609 1549 1011 1162 
3 125 1531 126 1164 
3 1007 264 126 1166 
3 1726 812 1556 1168 
3 398 455 1729 1170 
3 1696 1296 1295 1171 
3 1058 275 1145 1172 
3 1160 1162 1163 1173 
3 352 328 1730 1174 
3 324 1732 960 1176 
3 403 624 404 1177 
3 79 1144 80 1178 
3 1429 1360 1733 1179 
3 1734 500 499 1180 
3 1735 249 248 1181 
3 1649 980 1741 1185 
3 696 215 1682 1186 
3 482 1375 111 1187 
3 1075 1074 1742 1188 
3 634 945 172 1190 
3 533 1745 1746 1192 
3 587 1748 90 1195 
3 622 621 1501 1199 
3 917 274 275 1200 
3 440 144 143 1201 
3 1752 724 354 1202 
3 1753 1159 1754 1203 
3 84 256 959 1204 
3 357 1720 1191 1205 
3 1669 1532 1543 1206 
3 1755 696 1756 1207 
3 749 9 1504 1209 
3 692 1359 1758 1210 
3 1761 1183 1503 1212 
3 1762 1195 1197 1213 
3 670 1764 671 1215 
3 12 14 1765 1216 
3 763 940 546 1219 
3 1248 1524 1249 1220 
3 122 557 644 1221 
3 1236 963 974 1222 
3 1768 634 778 1223 
3 1746 1745 1769 1224 
3 753 1235 1234 1226 
3 334 336 1233 1227 
3 655 1332 1744 1229 
3 886 1771 689 1230 
3 1772 685 572 1231 
3 1376 1563 1773 1234 
3 338 1780 324 1241 
3 211 47 1782 1243 
3 1783 788 330 1245 
3 1784 1785 87 1247 
3 1284 1456 1403 1248 
3 437 438 854 1249 
3 1786 1064 1787 1250 
3 1153 1667 1788 1252 
3 551 553 744 1253 
3 845 847 1790 1255 
3 1395 501 418 1259 
3 392 391 1541 1262 
3 1458 1721 1792 1263 
3 791 233 508 1264 
3 1658 1149 1148 1265 
3 1678 1793 1679 1266 
3 1142 498 497 1267 
3 1794 250 656 1269 
3 1041 1342 1795 1270 
3 1642 1796 1643 1271 
3 1500 1184 1618 1272 
3 1260 1262 27 1275 
3 1797 679 637 1278 
3 1174 105 1798 1279 
3 1798 1799 1518 1281 
3 1410 574 1436 1282 
3 1144 1182 1165 1283 
3 690 389 1800 1285 
3 753 61 60 1286 
3 894 700 1598 1287 
3 93 290 740 1289 
3 1801 1742 1351 1291 
3 1130 1266 170 1293 
3 1569 1115 1802 1295 
3 14 651 1765 1296 
3 1507 1803 787 1297 
3 1366 1365 1376 1299 
3 1715 1669 1543 1300 
3 1715 1294 1158 1301 
3 113 1616 398 1302 
3 1806 1807 206 1306 
3 706 263 1808 1307 
3 1698 1287 1809 1308 
3 1045 1167 1297 1309 
3 952 222 224 1310 
3 1418 1420 1810 1311 
3 959 1564 1811 1312 
3 603 546 1547 1314 
3 382 1812 383 1315 
3 253 255 1614 1316 
3 1802 967 1413 1319 
3 1160 1163 1820 1323 
3 579 1390 1469 1324 
3 1325 175 36 1327 
3 213 1118 214 1328 
3 205 82 1811 1329 
3 499 685 686 1330 
3 1822 1557 1059 1332 
3 1823 886 1824 1333 
3 1825 1826 1822 1334 
3 1531 1007 126 1336 
3 802 921 702 1337 
3 1490 874 469 1341 
3 1758 1655 1827 1342 
3 1262 198 28 1345 
3 1830 327 653 1348 
3 1831 1832 298 1349 
3 1026 1025 1833 1350 
3 1834 2 1 1351 
3 1835 571 419 1352 
3 1836 654 653 1353 
3 86 87 1785 1355 
3 325 1830 1837 1357 
3 1462 1461 1609 1359 
3 1668 1833 1559 1360 
3 1801 946 1339 1362 
3 1839 493 492 1363 
3 1447 1840 1073 1364 
3 1773 946 951 1365 
3 264 1008 1580 1367 
3 1395 418 912 1368 
3 202 1844 1365 1370 
3 1408 515 354 1372 
3 1845 538 1822 1373 
3 1391 1846 343 1375 
3 803 702 701 1376 
3 1123 675 1847 1377 
3 1848 508 233 1382 
3 433 640 639 1383 
3 1430 628 1361 1385 
3 1752 353 1782 1386 
3 1564 1845 1826 1387 
3 1849 1025 1626 1388 
3 508 510 792 1389 
3 1850 252 1063 1390 
3 1844 1851 1365 1391 
3 1852 347 935 1392 
3 1393 1853 247 1393 
3 1854 1109 405 1394 
3 1855 1618 777 1395 
3 844 857 848 1396 
3 1613 683 1528 1397 
3 1439 844 1856 1398 
3 224 1857 702 1400 
3 362 1489 363 1401 
3 1173 1175 1519 1402 
3 1858 724 1859 1404 
3 898 1445 1860 1407 
3 1801 947 946 1408 
3 1224 1225 1464 1409 
3 1861 1801 1837 1410 
3 1354 918 917 1411 
3 1862 1840 1292 1412 
3 559 361 1009 1415 
3 1245 374 908 1416 
3 382 908 1812 1417 
3 419 876 420 1418 
3 1145 275 1101 1420 
3 336 1863 1232 1421 
3 946 222 952 1422 
3 1687 703 1857 1423 
3 1375 1343 281 1424 
3 951 952 1657 1425 
3 1864 1436 1438 1426 
3 801 803 1172 1427 
3 998 1865 1866 1428 
3 1867 1748 1868 1429 
3 670 970 1764 1434 
3 1871 811 1872 1437 
3 1117 1119 698 1439 
3 87 29 960 1440 
3 1868 1748 1839 1442 
3 112 146 1015 1443 
3 1874 135 1443 1445 
3 1875 1784 1876 1447 
3 247 1877 1878 1451 
3 1879 1880 103 1454 
3 1854 1076 1881 1455 
3 1073 1840 1074 1456 
3 1235 1041 1215 1459 
3 1465 1490 1133 1462 
3 1849 1626 1885 1463 
3 13 649 14 1464 
3 1640 383 1812 1465 
3 1831 1886 1871 1466 
3 324 1780 1732 1469 
3 1797 1875 679 1470 
3 180 876 233 1473 
3 1735 248 1524 1474 
3 1029 1608 1887 1475 
3 2 793 464 1476 
3 1825 1822 1200 1477 
3 104 1798 105 1478 
3 1507 787 1508 1480 
3 1539 1773 951 1481 
3 629 1677 1655 1483 
3 1889 209 208 1484 
3 102 1879 103 1486 
3 1180 1832 326 1488 
3 1761 1893 1894 1489 
3 1895 903 267 1490 
3 1444 134 1896 1493 
3 617 619 1636 1494 
3 1656 1419 1482 1496 
3 708 1734 499 1497 
3 1852 935 934 1498 
3 1160 1820 1585 1499 
3 1081 1260 86 1501 
3 59 23 1897 1504 
3 893 1642 678 1505 
3 1730 328 441 1506 
3 1017 1810 242 1507 
3 1454 1429 1733 1508 
3 343 1846 1413 1509 
3 533 1281 1745 1510 
3 325 1563 1181 1511 
3 1273 670 672 1512 
3 1273 722 1716 1513 
3 1269 1075 1742 1514 
3 1872 1031 1836 1516 
3 1529 1682 1171 1519 
3 1886 1201 1871 1522 
3 1412 1498 1435 1523 
3 1034 1240 693 1524 
3 713 948 714 1526 
3 1240 1477 65 1527 
3 1901 1902 1903 1529 
3 599 1729 455 1530 
3 707 706 1808 1531 
3 982 545 1904 1532 
3 1905 708 938 1533 
3 819 491 1906 1534 
3 1603 1558 286 1535 
3 719 1681 764 1536 
3 1907 1579 101 1537 
3 1854 828 1686 1538 
3 241 243 721 1539 
3 41 360 42 1540 
3 544 1860 677 1541 
3 544 225 437 1542 
3 1834 1908 1909 1544 
3 1910 1847 0 1545 
3 978 654 1031 1546 
3 1279 1911 1912 1548 
3 828 774 1686 1549 
3 122 1236 973 1552 
3 1801 1351 947 1556 
3 1918 1580 1919 1558 
3 1432 1366 1376 1559 
3 1849 1243 1025 1560 
3 1066 853 173 1563 
3 225 227 1601 1564 
3 1225 1412 1217 1566 
3 596 1331 1920 1567 
3 102 1578 1879 1568 
3 1921 696 1922 1569 
3 1543 966 1923 1572 
3 1180 298 1832 1573 
3 1569 803 701 1576 
3 1730 441 440 1578 
3 1421 308 1486 1580 
3 265 1926 266 1581 
3 1194 254 592 1583 
3 1851 1181 1377 1585 
3 924 1495 1494 1586 
3 326 1836 327 1587 
3 1823 1771 886 1591 
3 560 279 694 1593 
3 1240 33 35 1594 
3 1297 1338 550 1595 
3 920 802 801 1596 
3 994 1274 1196 1602 
3 1702 379 1046 1603 
3 65 1477 1478 1604 
3 92 1478 360 1605 
3 1698 1809 101 1607 
3 1931 597 1920 1608 
3 391 1653 461 1609 
3 1932 1249 1104 1610 
3 123 1272 1271 1611 
3 1064 972 1787 1612 
3 1671 1064 1152 1613 
3 995 794 1164 1614 
3 349 143 145 1615 
3 142 919 918 1616 
3 689 1771 57 1618 
3 1934 1147 469 1620 
3 932 1147 1581 1621 
3 773 1935 1438 1623 
3 1936 801 1172 1624 
3 61 826 23 1625 
3 225 307 226 1627 
3 1889 1680 209 1631 
3 296 298 1180 1632 
3 1325 36 24 1633 
3 1807 755 206 1637 
3 1939 1628 548 1639 
3 393 879 814 1640 
3 1940 1662 588 1641 
3 1603 286 986 1642 
3 470 552 551 1644 
3 486 488 1941 1645 
3 909 1522 1942 1646 
3 1834 1909 1163 1647 
3 412 308 307 1648 
3 364 363 1418 1649 
3 1735 1524 815 1651 
3 684 324 960 1653 
3 1696 1295 1943 1654 
3 1472 1120 539 1656 
3 1944 1926 723 1657 
3 1859 1752 1782 1659 
3 1620 83 428 1660 
3 1663 597 1500 1662 
3 212 1945 1627 1663 
3 83 1939 256 1664 
3 1947 1250 1948 1667 
3 1703 1259 1949 1669 
3 984 1547 546 1671 
3 1704 1936 1172 1672 
3 1783 1950 830 1675 
3 1951 1687 1862 1676 
3 110 112 534 1677 
3 334 700 1952 1678 
3 1795 1111 1042 1680 
3 617 1305 1342 1681 
3 1284 1286 1803 1682 
3 360 1009 361 1684 
3 269 1599 1407 1689 
3 513 1907 1809 1690 
3 1179 174 296 1691 
3 1511 756 755 1695 
3 1119 1921 699 1696 
3 134 1765 651 1699 
3 460 461 674 1700 
3 1833 1025 1244 1701 
3 978 1133 652 1702 
3 1955 1956 1632 1703 
3 1632 1922 1633 1704 
3 1030 1032 813 1705 
3 356 1904 683 1706 
3 693 954 560 1707 
3 1662 428 207 1709 
3 1755 1922 696 1710 
3 338 324 323 1712 
3 1420 1704 1810 1713 
3 492 297 712 1714 
3 948 1016 714 1715 
3 1027 1149 1549 1716 
3 675 1353 17 1717 
3 588 756 1511 1720 
3 538 540 1557 1721 
3 821 1194 211 1728 
3 1907 101 1809 1730 
3 1960 1530 125 1731 
3 269 1597 1599 1734 
3 1942 1026 1962 1735 
3 357 1192 650 1736 
3 1687 224 223 1737 
3 600 854 601 1739 
3 1807 1511 755 1743 
3 1654 1827 1655 1744 
3 1940 588 590 1746 
3 1007 1530 635 1748 
3 821 211 1782 1750 
3 754 1125 1964 1751 
3 703 965 1115 1753 
3 1965 1461 1487 1755 
3 1823 1824 1173 1756 
3 1081 86 1785 1757 
3 179 178 573 1758 
3 1616 1966 1967 1761 
3 1312 1146 1145 1762 
3 1921 1922 699 1763 
3 604 1547 639 1765 
3 1117 1968 1455 1766 
3 1824 887 1173 1767 
3 502 1214 1044 1768 
3 1040 1532 1394 1769 
3 1969 1615 1487 1770 
3 1715 1923 1862 1771 
3 698 1119 699 1772 
3 1797 637 937 1773 
3 1340 59 1897 1774 
3 1014 44 1015 1775 
3 127 1970 1911 1776 
3 1009 694 279 1781 
3 1500 597 1184 1782 
3 811 1201 1059 1783 
3 1726 1556 1972 1785 
3 1973 1896 387 1787 
3 1862 1687 1688 1793 
3 1682 1733 1975 1794 
3 1976 1908 1510 1795 
3 1976 1509 1820 1796 
3 1977 1978 1185 1798 
3 1633 626 335 1799 
3 1214 1216 1044 1800 
3 1979 587 89 1801 
3 1692 406 405 1802 
3 624 451 1702 1803 
3 1981 568 1672 1805 
3 1955 1632 335 1809 
3 1698 1295 593 1813 
3 465 794 1195 1814 
3 1153 1985 1666 1815 
3 996 1876 1986 1816 
3 1163 1162 995 1817 
3 1923 966 1987 1818 
3 1614 1903 1615 1820 
3 743 679 1875 1821 
3 1122 1990 673 1822 
3 117 1402 1401 1823 
3 705 937 706 1825 
3 585 198 1868 1826 
3 1991 1992 472 1827 
3 1762 465 1195 1828 
3 426 1253 1398 1830 
3 1752 354 1993 1831 
3 1067 1985 1068 1832 
3 1352 26 684 1834 
3 1973 692 1758 1836 
3 1856 844 843 1837 
3 192 1648 911 1838 
3 388 1641 1800 1839 
3 1994 1008 1643 1843 
3 692 691 1359 1845 
3 655 657 1331 1846 
3 7 1967 113 1848 
3 1388 1390 579 1849 
3 1994 1063 1491 1850 
3 1979 1536 589 1851 
3 225 1601 779 1854 
3 1603 1997 1558 1855 
3 1720 219 1191 1857 
3 535 2 464 1858 
3 1905 358 1570 1859 
3 83 1621 1939 1860 
3 45 1627 1626 1861 
3 1354 79 81 1862 
3 1458 1792 427 1865 
3 1755 1756 219 1866 
3 1368 1484 592 1867 
3 754 1234 969 1868 
3 754 1964 1941 1869 
3 536 543 537 1870 
3 366 1999 740 1871 
3 638 685 1772 1873 
3 1001 137 1002 1874 
3 1192 1191 2000 1875 
3 1849 1662 1243 1876 
3 416 1603 986 1879 
3 336 335 627 1880 
3 1165 1182 229 1881 
3 753 2001 1235 1885 
3 2002 1706 2003 1886 
3 1783 330 1226 1888 
3 690 1360 691 1889 
3 1992 1000 472 1890 
3 411 1624 1651 1891 
3 528 595 594 1892 
3 902 723 265 1893 
3 1909 1820 1163 1894 
3 94 93 1281 1896 
3 551 1865 2004 1897 
3 61 488 1270 1898 
3 1601 778 779 1899 
3 2005 1947 1948 1900 
3 1858 1859 2006 1901 
3 1509 1380 1585 1902 
3 1112 17 16 1903 
3 502 1044 550 1905 
3 1622 1582 468 1907 
3 757 1863 168 1908 
3 1142 497 845 1909 
3 986 288 1535 1910 
3 1979 2007 587 1911 
3 743 551 744 1912 
3 2008 970 425 1913 
3 225 413 307 1914 
3 1726 1213 1705 1916 
3 1007 635 1643 1920 
3 1267 1269 1742 1922 
3 819 1807 1806 1924 
3 1120 1213 1473 1925 
3 1143 854 853 1926 
3 122 973 123 1927 
3 486 472 471 1928 
3 1533 1784 1875 1929 
3 978 1030 1465 1930 
3 1656 1703 1419 1931 
3 1124 1123 1910 1933 
3 753 1234 754 1934 
3 2010 551 2004 1936 
3 122 871 557 1937 
3 122 644 1236 1938 
3 1664 2011 1389 1939 
3 1556 540 1473 1940 
3 1024 1026 1522 1941 
3 1714 268 622 1942 
3 139 216 218 1948 
3 1556 1473 1972 1949 
3 1521 1944 1024 1951 
3 502 1234 1214 1952 
3 979 1137 1266 1953 
3 1502 9 116 1954 
3 44 43 66 1955 
3 1859 1782 47 1956 
3 196 646 197 1959 
3 2002 1633 1707 1960 
3 743 745 679 1961 
3 2012 1887 1965 1962 
3 1956 1952 699 1963 
3 567 1672 568 1964 
3 1854 407 1076 1965 
3 1112 1510 17 1966 
3 1305 1482 1306 1967 
3 1753 1754 412 1969 
3 1672 123 1271 1973 
3 1273 1716 670 1974 
3 1803 1286 1542 1976 
3 993 1017 994 1978 
3 1682 1975 1641 1981 
3 1602 953 2015 1984 
3 1849 1621 1620 1988 
3 2016 717 1746 1989 
3 841 850 842 1990 
3 1864 1410 1436 1991 
3 2017 1426 1897 1992 
3 684 25 324 1993 
3 1393 1670 1853 1994 
3 1249 1524 248 1997 
3 291 292 45 1998 
3 325 1181 326 1999 
3 817 819 1806 2000 
3 338 323 456 2001 
3 840 750 841 2002 
3 505 1439 1856 2004 
3 993 1161 1586 2006 
3 1162 1161 993 2007 
3 1951 1987 1687 2008 
3 599 601 1729 2009 
3 1454 1507 1429 2012 
3 924 706 1495 2014 
3 357 649 13 2015 
3 1350 1351 1074 2017 
3 104 535 464 2019 
3 1947 482 1769 2020 
3 1628 1945 2021 2021 
3 1507 1456 1284 2023 
3 22 2017 23 2024 
3 1340 1235 2001 2025 
3 787 1122 1508 2027 
3 1115 967 1802 2028 
3 1794 655 2022 2029 
3 1352 585 26 2030 
3 1224 1464 1735 2032 
3 45 1626 1025 2034 
3 2011 1438 1437 2035 
3 1179 296 1180 2036 
3 1892 1891 1767 2037 
3 1429 1361 1360 2038 
3 268 620 622 2039 
3 2024 252 2022 2041 
3 1896 134 387 2042 
3 2025 710 1288 2043 
3 1306 1489 362 2044 
3 1338 503 550 2045 
3 1762 1880 1578 2046 
3 718 1188 1067 2048 
3 1859 724 1752 2049 
3 330 4 1226 2050 
3 1085 252 2024 2051 
3 132 848 133 2052 
3 1973 690 692 2053 
3 1191 388 2000 2056 
3 384 321 536 2057 
3 1499 1498 2026 2058 
3 177 179 2027 2059 
3 1907 1895 1519 2060 
3 1895 2028 903 2061 
3 356 358 433 2062 
3 1022 192 911 2065 
3 605 1772 2029 2066 
3 2030 2031 1807 2067 
3 1803 1542 786 2068 
3 1528 683 1904 2069 
3 1502 385 537 2070 
3 1714 1337 1336 2071 
3 1047 1596 1048 2072 
3 1340 1041 1235 2074 
3 1809 1287 514 2076 
3 1702 451 379 2079 
3 1616 1967 1328 2080 
3 1820 1509 1585 2081 
3 624 623 451 2082 
3 673 675 1123 2083 
3 1656 1257 1703 2086 
3 1409 1864 940 2087 
3 202 204 1844 2088 
3 1403 895 1404 2089 
3 1720 682 220 2091 
3 638 640 685 2092 
3 1200 1059 1201 2093 
3 1973 387 690 2094 
3 605 638 1772 2095 
3 1137 1139 1266 2096 
3 1936 920 801 2101 
3 1602 416 554 2102 
3 1782 353 529 2103 
3 1542 1541 391 2104 
3 1119 213 1921 2107 
3 902 265 267 2108 
3 1795 1305 1111 2110 
3 695 388 1191 2111 
3 1027 1029 1102 2112 
3 1102 2033 1148 2113 
3 628 630 1361 2114 
3 2034 2035 1847 2115 
3 92 94 1478 2118 
3 773 1664 1388 2119 
3 709 1288 710 2120 
3 2037 535 1679 2121 
3 2027 1580 1918 2122 
3 1931 1977 597 2123 
3 1594 1308 1149 2125 
3 1985 1719 1666 2126 
3 2008 1764 970 2127 
3 1784 87 961 2130 
3 321 322 704 2131 
3 871 124 439 2132 
3 2035 1 0 2133 
3 898 1860 600 2134 
3 2012 2038 1761 2136 
3 1761 1894 1182 2137 
3 1376 1539 1258 2138 
3 1179 1181 1851 2141 
3 737 1528 1189 2144 
3 1139 1233 1266 2147 
3 2040 1297 1169 2148 
3 1979 89 913 2149 
3 819 2030 1807 2151 
3 1794 251 250 2153 
3 1856 843 945 2154 
3 776 1125 969 2155 
3 545 667 1904 2156 
3 657 1992 1991 2157 
3 996 1986 997 2158 
3 44 534 2041 2159 
3 1153 1068 1985 2160 
3 603 605 2029 2161 
3 2042 2043 2003 2163 
3 366 740 394 2164 
3 1955 1952 1956 2166 
3 1976 1510 1509 2168 
3 1507 1506 1430 2169 
3 1507 1284 1803 2170 
3 1458 1943 1295 2172 
3 1687 1987 703 2173 
3 425 971 2026 2175 
3 197 1867 1868 2176 
3 822 2044 255 2177 
3 1569 2045 243 2179 
3 2010 470 551 2180 
3 480 1104 1103 2181 
3 965 967 1115 2183 
3 1758 629 1655 2186 
3 125 127 1280 2187 
3 2042 1863 2043 2188 
3 1823 2046 1771 2190 
3 21 337 22 2191 
3 1783 1139 1950 2192 
3 1279 127 1911 2194 
3 1279 1960 125 2195 
3 2037 1679 1793 2196 
3 1215 390 392 2197 
3 552 656 553 2198 
3 393 367 394 2199 
3 596 1663 882 2202 
3 482 481 1375 2204 
3 997 1780 998 2206 
3 541 856 140 2208 
3 1111 1306 362 2212 
3 1585 1335 993 2214 
3 212 1320 1945 2216 
3 743 1875 1876 2218 
3 969 1234 504 2219 
3 1110 1109 1686 2221 
3 1753 1157 1159 2223 
3 1654 1874 1443 2224 
3 15 1653 1042 2225 
3 1812 908 2049 2227 
3 1855 1500 1618 2231 
3 1007 1643 1008 2232 
3 1949 1525 920 2234 
3 765 1069 1068 2236 
3 1564 1826 1811 2238 
3 1001 1661 138 2240 
3 1610 1654 1611 2241 
3 365 816 2050 2242 
3 2011 2051 1438 2243 
3 1340 1897 1341 2246 
3 1469 1390 1919 2247 
3 1629 1469 1468 2248 
3 1905 938 433 2249 
3 337 1593 1426 2250 
3 688 1517 1562 2254 
3 840 842 918 2256 
3 1542 391 786 2257 
3 529 447 382 2258 
3 397 1790 847 2260 
3 2010 488 487 2261 
3 821 381 822 2262 
3 1935 940 1864 2263 
3 1533 1797 705 2269 
3 7 114 8 2270 
3 142 850 1057 2271 
3 2046 266 1926 2272 
3 1510 1908 17 2273 
3 1940 1243 1662 2274 
3 1493 1412 1435 2275 
3 1523 816 1524 2276 
3 1192 2000 388 2278 
3 1806 206 205 2280 
3 140 857 141 2282 
3 464 1799 1798 2283 
3 773 1634 1649 2284 
3 773 1438 2051 2285 
3 1439 926 925 2286 
3 817 1825 1200 2288 
3 1714 2040 268 2290 
3 1117 698 1968 2291 
3 2031 1511 1807 2293 
3 698 895 1968 2294 
3 873 85 347 2296 
3 2045 721 243 2298 
3 1173 1519 266 2300 
3 1893 1902 1901 2301 
3 617 1427 618 2302 
3 1720 220 219 2303 
3 1671 1981 1672 2305 
3 1831 1871 1836 2306 
3 466 1579 1519 2307 
3 1852 934 196 2310 
3 1030 813 1465 2311 
3 1602 1997 1603 2315 
3 545 939 667 2318 
3 773 1649 1935 2319 
3 939 1218 667 2322 
3 1582 1147 1934 2323 
3 2010 487 470 2329 
3 552 2059 656 2332 
3 262 264 2027 2333 
3 417 986 1535 2334 
3 909 1942 910 2335 
3 1215 392 1541 2336 
3 1486 308 1754 2337 
3 1565 1769 1999 2338 
3 1999 1745 740 2339 
3 1180 326 1181 2342 
3 2060 1808 2061 2344 
3 1614 1097 1901 2345 
3 1649 1741 1186 2346 
3 1691 182 375 2347 
3 1682 214 1171 2348 
3 1484 1369 1584 2350 
3 1692 1889 208 2351 
3 1246 2063 1247 2353 
3 1172 243 242 2354 
3 343 2064 1392 2355 
3 250 553 656 2356 
3 1540 1285 1167 2357 
3 1940 590 1243 2358 
3 1564 538 1845 2360 
3 1836 653 327 2361 
3 894 1033 895 2362 
3 1403 1968 895 2363 
3 799 1472 539 2364 
3 1922 1707 1633 2365 
3 1794 656 655 2366 
3 811 1032 1872 2368 
3 657 1977 1931 2370 
3 1074 1351 1742 2372 
3 1518 466 1519 2373 
3 1143 1729 601 2375 
3 176 712 297 2376 
3 873 347 573 2377 
3 45 47 212 2378 
3 657 656 1992 2379 
3 1331 657 1931 2380 
3 1585 1418 1335 2381 
3 2017 1897 23 2383 
3 1354 1058 79 2384 
3 2040 1169 378 2385 
3 1610 688 1562 2386 
3 468 1934 469 2387 
3 720 719 922 2394 
3 695 1756 696 2395 
3 1125 1978 1964 2396 
3 679 745 680 2397 
3 127 126 1970 2399 
3 633 507 506 2400 
3 439 359 558 2401 
3 1244 287 1559 2402 
3 1565 1999 1523 2403 
3 1935 1864 1438 2405 
3 1975 1800 1641 2406 
3 1942 1962 910 2407 
3 1558 1997 1400 2408 
3 2016 1746 1769 2409 
3 1772 572 1410 2411 
3 381 383 1640 2412 
3 123 973 1272 2413 
3 82 428 83 2414 
3 337 1426 2017 2417 
3 470 2059 552 2418 
3 1214 1235 1215 2419 
3 934 346 1431 2420 
3 356 683 357 2421 
3 830 1950 1138 2422 
3 1978 472 1964 2425 
3 817 1806 1825 2429 
3 1359 1361 630 2432 
3 2025 1400 1997 2433 
3 1167 1169 1297 2434 
3 1262 28 27 2436 
3 492 1106 297 2438 
3 1569 243 803 2439 
3 1769 1745 1999 2442 
3 1758 1827 1444 2444 
3 1664 2051 2011 2445 
3 80 1100 1401 2446 
3 1535 1536 1979 2448 
3 1704 242 1810 2449 
3 1245 1247 374 2450 
3 1402 11 10 2452 
3 234 1206 1640 2455 
3 1080 1852 1261 2456 
3 902 903 723 2458 
3 756 207 206 2459 
3 2034 1834 2035 2461 
3 1918 1390 1389 2462 
3 70 346 85 2463 
3 1507 1430 1429 2464 
3 1430 1124 628 2465 
3 1610 1612 104 2466 
3 1611 535 1612 2467 
3 1443 1444 1827 2468 
3 1994 1643 1063 2469 
3 289 1460 395 2470 
3 1702 1046 1170 2472 
3 1752 1993 353 2473 
3 681 1613 169 2474 
3 1437 574 573 2475 
3 590 1244 1243 2477 
3 425 2026 426 2478 
3 36 323 25 2480 
3 1595 2065 1466 2482 
3 718 720 1140 2484 
3 773 775 1634 2486 
3 1533 1081 1784 2487 
3 1861 1830 1358 2488 
3 1861 1267 1801 2489 
3 1166 1098 1100 2490 
3 1455 1403 1456 2493 
3 1373 1047 393 2495 
3 1502 537 543 2496 
3 1783 1227 1139 2499 
3 356 434 983 2500 
3 225 779 437 2504 
3 1715 1543 1923 2506 
3 1467 1469 1580 2507 
3 1111 362 1380 2510 
3 1960 1494 1530 2512 
3 1327 453 1328 2513 
3 269 865 1597 2514 
3 1701 926 138 2516 
3 112 2041 534 2517 
3 349 145 1488 2518 
3 1354 81 1039 2519 
3 140 1057 1056 2520 
3 488 826 1270 2521 
3 1907 1519 1579 2522 
3 1579 1578 102 2523 
3 1421 1293 1319 2524 
3 541 1056 750 2525 
3 1340 2001 59 2528 
3 1859 47 2006 2530 
3 617 1636 1635 2531 
3 21 1538 337 2532 
3 227 1421 1583 2534 
3 603 1547 604 2538 
3 2004 1537 827 2541 
3 255 1206 791 2542 
3 255 1096 1614 2543 
3 134 136 1765 2545 
3 939 940 1218 2547 
3 1080 1261 1260 2548 
3 1642 679 678 2550 
3 1681 765 764 2551 
3 1427 1341 1897 2554 
3 1608 1965 1887 2556 
3 1531 1530 1007 2557 
3 1506 1122 1124 2559 
3 948 1014 1016 2560 
3 381 2044 822 2561 
3 1353 461 17 2564 
3 1721 103 1792 2565 
3 1850 1063 1643 2566 
3 437 779 173 2567 
3 730 218 217 2569 
3 134 651 1078 2570 
3 961 960 1732 2572 
3 818 1107 492 2573 
3 2034 17 1908 2574 
3 1409 1410 1864 2577 
3 1601 1449 1768 2578 
3 180 234 1640 2581 
3 126 263 1970 2582 
3 464 466 1799 2583 
3 1562 135 1874 2584 
3 57 136 135 2585 
3 917 919 274 2588 
3 744 680 745 2589 
3 1374 874 728 2590 
3 1615 1965 1487 2594 
3 21 827 1537 2596 
3 845 844 848 2597 
3 41 92 360 2598 
3 1642 637 679 2599 
3 1850 1643 1796 2600 
3 1845 1822 1826 2601 
3 487 471 470 2603 
3 1391 1802 1846 2604 
3 2010 2004 488 2605 
3 1540 1542 1286 2607 
3 338 1865 998 2608 
3 139 138 926 2609 
3 1936 1949 920 2610 
3 1374 728 730 2611 
3 1880 671 103 2612 
3 1894 229 1182 2613 
3 1186 668 940 2614 
3 1867 90 1748 2616 
3 2008 425 1792 2617 
3 72 1395 912 2618 
3 1368 1969 798 2619 
3 1368 591 253 2620 
3 250 252 893 2621 
3 1910 0 1793 2623 
3 1041 1795 1042 2624 
3 1893 1901 1207 2626 
3 352 375 329 2629 
3 357 683 1720 2631 
3 1868 1839 1326 2632 
3 2060 573 347 2634 
3 58 1022 709 2636 
3 352 1730 349 2638 
3 1886 1126 1201 2639 
3 1677 1611 1655 2641 
3 1519 267 266 2642 
3 1753 1670 1157 2644 
3 1648 1647 911 2645 
3 1649 940 1935 2646 
3 1761 1182 1183 2647 
3 1753 1878 1877 2649 
3 1622 1600 1583 2651 
3 104 106 688 2653 
3 1992 656 1000 2654 
3 338 998 1780 2655 
3 12 136 57 2656 
3 2025 1288 1400 2658 
3 1119 1118 213 2661 
3 389 388 1800 2662 
3 2015 2025 1997 2663 
3 1108 1110 1692 2664 
3 1123 1847 1910 2665 
3 286 1559 287 2666 
3 635 1530 636 2667 
3 1987 965 703 2668 
3 757 1232 1863 2669 
3 984 983 434 2672 
3 689 106 887 2673 
3 1350 1074 1688 2674 
3 59 2001 60 2675 
3 2035 1834 1 2677 
3 1502 1406 385 2678 
3 2002 2003 2043 2680 
3 1755 219 221 2681 
3 116 11 117 2682 
3 1524 816 815 2684 
3 954 1014 950 2685 
3 865 894 1597 2687 
3 1179 1851 2068 2688 
3 1525 1657 224 2689 
3 1359 629 1758 2697 
3 1831 1105 1886 2698 
3 1240 43 33 2700 
3 2027 179 2061 2703 
3 705 707 1081 2705 
3 1977 1185 597 2706 
3 357 650 649 2707 
3 1277 1447 1073 2709 
3 681 683 1613 2710 
3 1878 1104 1249 2713 
3 467 633 1768 2714 
3 1602 554 953 2715 
3 554 418 501 2716 
3 1960 2070 1494 2717 
3 1687 1857 224 2718 
3 1923 1987 1951 2719 
3 1141 569 1099 2721 
3 959 1485 539 2722 
3 1923 1951 1862 2724 
3 45 212 1627 2725 
3 528 529 353 2726 
3 1715 1292 1294 2733 
3 1909 1908 1976 2734 
3 1388 581 774 2739 
3 1942 1522 1026 2740 
3 88 90 645 2743 
3 1582 1934 468 2745 
3 1719 510 509 2746 
3 1024 45 1025 2748 
3 672 1197 1274 2749 
3 1905 1570 709 2750 
3 2029 1772 1410 2751 
3 2045 1391 721 2752 
3 385 666 386 2753 
3 1067 1098 1166 2754 
3 1593 203 202 2755 
3 213 696 1921 2756 
3 1410 572 574 2757 
3 1949 1539 1525 2758 
3 840 1459 749 2761 
3 1911 924 1494 2763 
3 773 2051 1664 2764 
3 1105 298 297 2766 
3 670 1717 345 2767 
3 58 709 1570 2771 
3 1292 1448 1319 2772 
3 1279 125 1280 2774 
3 1393 247 249 2775 
3 936 636 1495 2777 
3 1786 2071 2072 2779 
3 909 1646 1521 2780 
3 1784 961 1986 2781 
3 2060 2061 573 2782 
3 1616 455 398 2783 
3 1326 1839 492 2784 
3 325 1837 1339 2786 
3 486 1964 472 2789 
3 1855 1338 1337 2790 
3 1117 1529 1171 2791 
3 1284 1403 1285 2793 
3 1786 1787 2071 2794 
3 1236 644 963 2795 
3 1593 202 1432 2796 
3 1593 1636 619 2797 
3 1834 1163 2 2798 
3 221 220 2003 2799 
3 346 935 347 2800 
3 1806 205 1825 2801 
3 1125 1185 1978 2803 
3 749 1504 542 2804 
3 1622 1583 1582 2807 
3 910 1668 1558 2811 
3 1794 2022 251 2812 
3 1871 1872 1836 2813 
3 720 922 968 2814 
3 589 587 2007 2817 
3 1701 138 274 2818 
3 417 1535 1979 2821 
3 1380 364 1585 2822 
3 488 827 826 2823 
3 304 2073 1327 2826 
3 1348 1487 1461 2829 
3 1102 1661 2033 2830 
3 1767 1891 411 2833 
3 352 349 351 2834 
3 572 873 573 2835 
3 1436 574 1437 2836 
3 337 2017 22 2837 
3 204 566 2068 2842 
3 1162 993 995 2843 
3 1730 440 143 2844 
3 1331 1744 1332 2847 
3 843 845 497 2848 
3 1168 1404 1033 2850 
3 1523 2050 816 2851 
3 1338 777 503 2852 
3 1217 1040 1394 2854 
3 1464 1394 1735 2855 
3 1174 1798 1518 2858 
3 499 72 685 2859 
3 1419 1703 1420 2861 
3 1734 710 2025 2862 
3 1852 196 1261 2864 
3 1179 2068 174 2865 
3 131 397 132 2866 
3 2074 980 169 2867 
3 1186 1741 2074 2872 
3 1465 1726 1705 2873 
3 1905 433 358 2875 
3 1080 1082 2060 2876 
3 934 646 196 2878 
3 1911 2070 1912 2879 
3 222 947 1350 2882 
3 1538 338 337 2884 
3 1730 143 349 2885 
3 856 2075 133 2886 
3 412 307 413 2889 
3 682 2003 220 2890 
3 229 2076 1207 2891 
3 1064 1272 972 2893 
3 1152 1064 766 2894 
3 398 1729 1143 2895 
3 1111 16 1042 2896 
3 1822 538 1557 2897 
3 819 1906 2031 2898 
3 649 651 14 2899 
3 1465 1705 1466 2900 
3 1465 813 1726 2901 
3 1947 1769 1565 2902 
3 1260 27 86 2903 
3 1368 253 1969 2904 
3 1165 229 228 2905 
3 505 1856 945 2906 
3 1105 297 1106 2907 
3 1855 777 1338 2908 
3 2011 1437 178 2909 
3 1521 1646 2077 2911 
3 35 34 954 2912 
3 867 866 1169 2913 
3 1245 1296 1696 2915 
3 1985 230 1719 2916 
3 1409 940 763 2919 
3 2037 1793 0 2921 
3 1691 375 2078 2922 
3 420 2078 351 2923 
3 1646 1648 2077 2924 
3 296 176 297 2926 
3 1783 830 789 2927 
3 605 604 638 2928 
3 893 1796 1642 2930 
3 1285 1403 1167 2933 
3 2042 168 1863 2934 
3 1642 635 637 2935 
3 1349 1462 1472 2936 
3 1082 1808 2060 2937 
3 365 2079 816 2938 
3 1122 673 1123 2939 
3 1735 1394 249 2940 
3 1029 1028 1608 2941 
3 1240 65 43 2943 
3 579 1469 1629 2944 
3 2037 0 535 2952 
3 337 203 1593 2953 
3 1529 1454 1733 2955 
3 1719 1097 510 2956 
3 1439 925 844 2957 
3 1701 274 919 2958 
3 40 329 92 2959 
3 1151 994 1017 2960 
3 925 142 141 2961 
3 1076 829 1881 2963 
3 708 710 1734 2964 
3 2028 515 903 2965 
3 1889 1468 1680 2966 
3 514 355 515 2967 
3 1159 1486 1754 2970 
3 1439 139 926 2971 
3 995 994 1196 2972 
3 1066 172 498 2973 
3 1599 1598 4 2974 
3 1081 1785 1784 2976 
3 15 17 461 2977 
3 467 1768 1449 2978 
3 1969 1487 798 2980 
3 1932 1250 1249 2981 
3 1867 645 90 2982 
3 1273 994 1151 2983 
3 466 465 1578 2984 
3 1257 1636 1258 2985 
3 1714 1336 2040 2987 
3 1849 1885 1628 2988 
3 1486 1294 1293 2989 
3 1058 1145 1144 2990 
3 2061 179 573 2991 
3 541 2075 856 2993 
3 695 1641 388 2994 
3 617 1342 1341 2996 
3 875 874 1490 2999 
3 1108 405 1109 3003 
3 1849 1628 1621 3005 
3 1215 1541 1216 3007 
3 590 589 2081 3008 
3 596 576 597 3010 
3 1715 1862 1292 3014 
3 255 791 792 3015 
3 2016 111 110 3017 
3 396 1790 397 3018 
3 1947 1565 1250 3019 
3 1844 2068 1851 3020 
3 677 1860 1445 3021 
3 544 437 1860 3022 
3 570 571 1315 3023 
3 1716 1392 1717 3025 
3 88 913 89 3027 
3 549 800 1485 3030 
3 1536 288 2081 3035 
3 453 282 454 3036 
3 1597 894 1598 3037 
3 2005 1948 1932 3039 
3 92 329 289 3040 
3 381 1205 2044 3041 
3 1679 535 1611 3042 
3 722 721 1550 3049 
3 932 931 1135 3051 
3 567 1136 123 3052 
3 140 142 1057 3056 
3 1349 1348 1462 3057 
3 910 1400 911 3059 
3 593 1296 594 3060 
3 1183 1146 1312 3063 
3 359 42 360 3064 
3 1788 1667 1848 3065 
3 1149 1308 1307 3066 
3 1215 1041 390 3067 
3 666 236 1323 3070 
3 690 387 389 3071 
3 304 1327 741 3072 
3 1960 1912 2070 3073 
3 420 351 350 3074 
3 1046 379 237 3075 
3 1569 1802 1391 3076 
3 1499 2026 971 3078 
3 2068 175 174 3079 
3 117 1099 569 3080 
3 1979 589 2007 3081 
3 1376 1773 1539 3083 
3 439 42 359 3084 
3 1788 1848 570 3085 
3 1978 1991 472 3086 
3 922 435 1065 3087 
3 1939 548 256 3089 
3 910 1962 1668 3090 
3 1259 1539 1949 3091 
3 1889 1630 1468 3092 
3 1047 1696 1596 3094 
3 1038 1402 10 3095 
3 2012 1965 1902 3096 
3 1421 1319 1448 3097 
3 1972 1473 1213 3098 
3 2016 110 717 3099 
3 1307 1013 1012 3100 
3 533 1746 717 3101 
3 1581 1583 1448 3102 
3 1373 1696 1047 3103 
3 113 1967 1966 3107 
3 1080 1260 1081 3108 
3 1001 2033 1661 3110 
3 1184 597 1185 3113 
3 2021 1484 1584 3116 
3 646 645 197 3117 
3 1540 1286 1285 3120 
3 137 139 218 3121 
3 513 2028 1895 3122 
3 567 123 1672 3124 
3 420 350 421 3125 
3 1160 1586 1161 3126 
3 1835 419 421 3127 
3 1026 1833 1962 3128 
3 2031 1748 587 3129 
3 2029 1410 763 3130 
3 1224 1735 815 3131 
3 1067 228 230 3132 
3 433 984 434 3136 
3 1144 1146 1718 3138 
3 2027 1918 1389 3141 
3 1758 1444 1896 3142 
3 2021 1320 1484 3144 
3 1986 1732 997 3146 
3 2063 375 1247 3149 
3 378 1169 866 3150 
3 1140 720 402 3151 
3 15 1042 16 3152 
3 437 600 1860 3155 
3 1033 1404 895 3156 
3 2005 480 1947 3157 
3 1279 1912 1960 3158 
3 2004 1865 1537 3160 
3 1277 1448 1447 3161 
3 390 1653 391 3163 
3 420 876 1691 3167 
3 2031 1906 493 3168 
3 352 351 375 3169 
3 2072 738 435 3170 
3 1144 1165 80 3171 
3 1599 1417 1407 3172 
3 1457 1596 1696 3173 
3 548 1584 549 3175 
3 1028 1609 1608 3179 
3 1755 1707 1922 3180 
3 2008 1792 671 3181 
3 21 23 826 3182 
3 1627 1945 1628 3183 
3 1698 1721 1295 3184 
3 1165 228 1166 3185 
3 893 1850 1796 3186 
3 1058 1144 79 3189 
3 1848 509 508 3191 
3 80 1401 81 3192 
3 1326 712 711 3196 
3 1486 1158 1294 3197 
3 1426 1427 1897 3198 
3 2016 482 111 3200 
3 1847 2035 0 3201 
3 1906 491 493 3203 
3 675 17 2034 3204 
3 433 938 640 3207 
3 426 2026 1253 3210 
3 1596 427 1398 3212 
3 65 94 1281 3215 
3 1519 1895 267 3216 
3 92 289 93 3218 
3 1139 1138 1950 3219 
3 1823 266 2046 3220 
3 1186 736 1187 3223 
3 196 198 1262 3224 
3 629 1678 1677 3226 
3 2027 1389 2011 3227 
3 253 1615 1969 3228 
3 707 1082 1081 3229 
3 1578 1880 1879 3230 
3 1540 1045 1541 3231 
3 513 1809 514 3234 
3 528 353 595 3235 
3 886 887 1824 3239 
3 787 1990 1122 3240 
3 481 1445 1344 3241 
3 1326 492 712 3242 
3 1464 1225 1217 3244 
3 1703 1936 1704 3245 
3 2016 1769 482 3246 
3 1465 875 1490 3248 
3 708 686 938 3250 
3 1521 1024 1522 3252 
3 433 639 984 3253 
3 764 435 922 3254 
3 262 2027 2061 3255 
3 1174 1518 1175 3256 
3 1034 694 1009 3257 
3 1835 145 568 3258 
3 2077 1648 57 3259 
3 893 252 1850 3260 
3 1447 1292 1840 3262 
3 1593 619 618 3264 
3 40 441 328 3266 
3 275 138 1101 3267 
3 1373 2063 1246 3269 
3 1080 2060 347 3270 
3 1944 2077 2046 3271 
3 1421 1448 1583 3272 
3 695 1191 1756 3273 
3 1421 1486 1293 3274 
3 1594 1658 729 3280 
3 1432 1258 1636 3281 
3 674 461 1353 3282 
3 1990 674 673 3283 
3 828 1881 829 3284 
3 1173 887 1174 3285 
3 356 982 1904 3287 
3 402 968 403 3288 
3 1755 221 1707 3289 
3 548 1628 2021 3290 
3 1511 587 589 3293 
3 579 1629 580 3295 
3 637 636 936 3297 
3 2064 1717 1392 3298 
3 2073 453 1327 3300 
3 264 1580 2027 3302 
3 1677 1679 1611 3306 
3 1140 402 569 3308 
3 146 282 147 3309 
3 1911 1494 2070 3310 
3 1762 1578 465 3314 
3 439 124 440 3315 
3 1556 812 1059 3317 
3 142 926 919 3318 
3 1281 740 1745 3319 
3 1955 334 1952 3321 
3 1418 1810 1335 3323 
3 1277 1278 932 3325 
3 1192 388 1078 3327 
3 1149 1307 1012 3328 
3 343 1717 2064 3329 
3 1671 1271 1064 3330 
3 1610 104 688 3331 
3 1835 568 1981 3332 
3 486 471 487 3333 
3 750 1056 841 3334 
3 867 1168 1033 3335 
3 604 639 638 3340 
3 416 418 554 3343 
3 1190 1528 669 3344 
3 343 345 1717 3345 
3 548 2021 1584 3349 
3 1102 1101 1661 3351 
3 488 2004 827 3353 
3 61 1941 488 3357 
3 1192 1078 651 3358 
3 213 215 696 3360 
3 2002 626 1633 3362 
3 7 742 1967 3365 
3 1142 1790 396 3368 
3 1002 730 729 3369 
3 549 1369 800 3370 
3 932 1135 1147 3371 
3 723 1926 265 3372 
3 1540 1167 1045 3374 
3 1034 360 1477 3375 
3 70 72 912 3378 
3 1580 1469 1919 3380 
3 666 1323 386 3381 
3 1027 1102 1148 3382 
3 1352 28 585 3383 
3 1482 1419 1489 3384 
3 1802 1413 1846 3389 
3 634 172 171 3391 
3 1569 1391 2045 3393 
3 326 1832 1836 3396 
3 959 549 1485 3398 
3 1668 1962 1833 3399 
3 1812 2049 181 3400 
3 995 1195 794 3401 
3 1830 653 652 3404 
3 1610 1562 1654 3405 
3 133 848 857 3406 
3 1327 742 741 3407 
3 2038 1902 1893 3409 
3 1174 887 105 3412 
3 502 504 1234 3413 
3 168 681 169 3414 
3 1412 967 1217 3415 
3 1160 1585 1586 3416 
3 2012 1761 1887 3417 
3 932 1278 564 3418 
3 2008 671 1764 3419 
3 1462 1120 1472 3420 
3 707 1808 1082 3421 
3 1692 208 1693 3422 
3 1753 412 1104 3423 
3 1616 453 455 3425 
3 1705 1309 1308 3426 
3 65 1478 94 3427 
3 678 680 553 3428 
3 1801 1339 1837 3429 
3 1331 1931 1920 3430 
3 1594 1595 1308 3435 
3 289 395 290 3437 
3 1267 1742 1801 3438 
3 840 749 750 3440 
3 786 391 460 3441 
3 1273 1151 722 3444 
3 699 1952 700 3446 
3 1762 1197 1880 3447 
3 1257 1259 1703 3448 
3 80 1166 1100 3450 
3 1523 365 2050 3454 
3 1854 1881 828 3456 
3 1533 1875 1797 3457 
3 1521 2077 1944 3461 
3 1682 1641 697 3463 
3 177 2027 2011 3465 
3 1615 1903 1965 3466 
3 1105 1107 1886 3467 
3 925 141 844 3468 
3 1967 742 1328 3471 
3 961 1732 1986 3472 
3 234 791 1206 3473 
3 1224 814 880 3475 
3 1564 539 538 3476 
3 997 1732 1780 3478 
3 247 1878 248 3479 
3 932 564 563 3480 
3 1549 1149 1012 3481 
3 633 634 1768 3482 
3 513 1895 1907 3484 
3 929 310 944 3485 
3 585 1868 1326 3486 
3 777 504 503 3487 
3 1601 1622 1449 3488 
3 798 800 1369 3489 
3 1894 2076 229 3490 
3 412 414 1103 3491 
3 798 1349 799 3492 
3 1733 1800 1975 3493 
3 1226 1598 700 3496 
3 1601 1768 778 3498 
3 1614 1901 1903 3499 
3 1658 1148 2033 3500 
3 1312 1145 1101 3502 
3 197 645 1867 3503 
3 381 529 382 3504 
3 778 171 173 3506 
3 359 361 558 3507 
3 551 1866 1865 3508 
3 1831 298 1105 3509 
3 2040 378 268 3510 
3 718 1067 1069 3514 
3 192 57 1648 3517 
3 1705 1595 1466 3518 
3 1393 1394 1532 3519 
3 728 1595 729 3520 
3 1629 1468 1630 3521 
3 356 983 982 3522 
3 1067 230 1985 3524 
3 1067 1166 228 3525 
3 365 367 2079 3526 
3 1457 1696 1943 3527 
3 1253 2026 1498 3530 
3 1506 1508 1122 3531 
3 978 1031 1030 3533 
3 12 1765 136 3534 
3 1565 1523 1248 3535 
3 909 1647 1646 3536 
3 1596 1398 1048 3538 
3 667 669 1904 3539 
3 1753 1877 1670 3541 
3 1000 656 2059 3542 
3 1918 1919 1390 3546 
3 325 1773 1563 3547 
3 1142 845 1790 3549 
3 821 1782 381 3550 
3 1152 766 765 3551 
3 1944 2046 1926 3552 
3 545 984 546 3554 
3 1956 1922 1632 3555 
3 1153 1788 570 3556 
3 336 627 1863 3557 
3 757 1266 1232 3558 
3 693 35 954 3562 
3 2005 1932 480 3563 
3 1894 1893 2076 3564 
3 1797 937 705 3565 
3 1080 347 1852 3567 
3 1704 1172 242 3569 
3 1538 1537 1865 3570 
3 420 1691 2078 3572 
3 351 2078 375 3573 
3 1965 1903 1902 3575 
3 1973 1758 1896 3577 
3 675 2034 1847 3578 
3 1703 1949 1936 3579 
3 722 1550 1392 3580 
3 995 1196 1195 3581 
3 304 147 2073 3582 
3 204 2068 1844 3584 
3 255 2044 1205 3585 
3 427 426 1398 3586 
3 657 1991 1977 3587 
3 1835 421 145 3588 
3 1862 1688 1840 3590 
3 753 60 2001 3592 
3 1861 1837 1830 3593 
3 467 216 507 3594 
3 247 1853 1877 3595 
3 486 1941 1964 3597 
3 728 2065 1595 3599 
3 480 1932 1104 3602 
3 936 1495 706 3603 
3 1277 1073 1075 3604 
3 867 1169 1168 3606 
3 1726 813 812 3607 
3 1001 138 137 3608 
3 557 278 644 3609 
3 1137 1463 1138 3610 
3 1525 921 920 3611 
3 551 996 1866 3612 
3 70 1431 346 3613 
3 1325 1326 711 3615 
3 843 497 945 3616 
3 793 1164 794 3618 
3 1851 1377 1365 3621 
3 1110 1630 1692 3622 
3 1602 2015 1997 3624 
3 979 981 1463 3625 
3 1854 1686 1109 3626 
3 970 345 971 3627 
3 2042 681 168 3628 
3 669 1528 1904 3629 
3 1352 29 28 3631 
3 1277 1581 1448 3632 
3 235 379 944 3633 
3 2002 627 626 3637 
3 546 940 547 3638 
3 1783 1226 1227 3639 
3 1216 1541 1045 3640 
3 1459 1039 1038 3641 
3 470 1000 2059 3643 
3 819 2031 2030 3644 
3 1741 980 2074 3645 
3 24 585 1326 3646 
3 262 1808 263 3647 
3 723 903 1408 3648 
3 1563 1377 1181 3649 
3 787 674 1990 3650 
3 743 1876 996 3651 
3 617 1482 1305 3652 
3 1063 615 1491 3653 
3 1022 1288 709 3654 
3 2063 329 375 3656 
3 2040 1336 1297 3657 
3 1726 1972 1213 3658 
3 1401 1100 1099 3659 
3 1188 1098 1067 3661 
3 728 875 2065 3662 
3 1098 1141 1099 3663 
3 234 233 791 3664 
3 2046 57 1771 3666 
3 1044 1216 1045 3668 
3 671 1792 103 3669 
3 541 750 542 3670 
3 2031 587 1511 3674 
3 1911 1970 924 3675 
3 227 1583 1600 3676 
3 590 287 1244 3679 
3 1110 580 1630 3681 
3 291 1944 723 3683 
3 345 1499 971 3684 
3 814 816 2079 3685 
3 393 814 2079 3686 
3 393 1048 879 3687 
3 996 998 1866 3688 
3 617 1341 1427 3689 
3 817 1200 1126 3691 
3 1142 1143 853 3692 
3 1412 880 1498 3694 
3 1614 1096 1097 3696 
3 871 439 558 3698 
3 972 974 739 3699 
3 12 58 1570 3704 
3 704 131 543 3707 
3 291 1024 1944 3708 
3 397 847 132 3709 
3 393 395 1460 3710 
3 586 599 455 3711 
3 1538 1865 338 3713 
3 131 133 2075 3717 
3 1143 601 854 3720 
3 393 2079 367 3722 
3 1462 1011 1120 3723 
3 1833 1244 1559 3724 
3 603 2029 763 3726 
3 979 1463 1137 3727 
3 541 543 2075 3729 
3 101 103 1721 3730 
3 205 1811 1826 3731 
3 1108 1692 405 3732 
3 1994 1491 1497 3734 
3 481 677 1445 3735 
3 1855 1501 1500 3736 
3 251 2022 252 3738 
3 622 1501 1337 3739 
3 685 72 71 3740 
3 749 1459 10 3741 
3 749 10 9 3742 
3 219 1756 1191 3743 
3 205 1826 1825 3744 
3 572 685 873 3745 
3 117 11 1402 3746 
3 1157 1669 1158 3747 
3 425 427 1792 3748 
3 117 569 118 3749 
3 1157 1670 1669 3750 
3 262 2061 1808 3751 
3 1518 1799 466 3752 
3 789 829 1077 3753 
3 1831 1836 1832 3754 
3 304 741 985 3761 
3 844 141 857 3762 
3 2043 1863 627 3764 
3 586 454 282 3767 
3 1650 1767 411 3770 
3 323 566 456 3771 
3 1002 218 730 3774 
3 681 2003 682 3775 
3 513 515 2028 3776 
3 586 898 599 3777 
3 586 281 1343 3778 
3 412 1754 308 3779 
3 1184 776 1618 3782 
3 1617 930 932 3784 
3 930 1358 931 3785 
3 778 634 171 3788 
3 1692 1630 1889 3789 
3 1457 1943 1458 3790 
3 1001 729 2033 3791 
3 2074 169 736 3792 
3 1786 1065 1064 3793 
3 1848 1667 509 3795 
3 1360 1800 1733 3796 
3 1529 1733 1682 3797 
3 1034 693 694 3801 
3 875 1466 2065 3802 
3 1686 774 581 3804 
3 1183 1313 1503 3806 
3 2063 1460 289 3808 
3 197 1868 198 3809 
3 1654 1562 1874 3810 
3 652 1133 931 3811 
3 1650 411 1651 3813 
3 1374 217 469 3814 
3 1977 1991 1978 3816 
3 799 1485 800 3817 
3 1455 1968 1403 3819 
3 1443 135 134 3820 
3 1431 88 646 3821 
3 2031 493 1748 3822 
3 1529 1455 1454 3823 
3 2085 571 1835 3827 
3 404 1170 118 3830 
3 2021 1945 1320 3831 
3 1257 617 1635 3834 
3 1085 2024 1086 3837 
3 269 833 270 3838 
3 1871 1201 811 3845 
3 588 1662 207 3846 
3 828 1566 774 3851 
3 1905 709 708 3852 
3 2071 1787 972 3854 
3 44 2041 1015 3855 
3 1431 912 88 3856 
3 1956 699 1922 3858 
3 2002 1707 1706 3859 
3 743 996 551 3861 
3 666 1406 237 3862 
3 688 57 1517 3863 
3 1029 1887 1503 3864 
3 2002 2043 627 3865 
3 1312 1101 1313 3866 
3 819 818 491 3867 
3 1432 202 1366 3870 
3 1657 952 224 3871 
3 215 214 1682 3873 
3 499 501 1395 3875 
3 1593 1432 1636 3876 
3 390 1042 1653 3877 
3 58 192 1022 3879 
3 2038 1893 1761 3880 
3 1626 1628 1885 3881 
3 1006 560 954 3882 
3 1947 480 482 3883 
3 1987 966 965 3885 
3 1373 1460 2063 3886 
3 590 2081 288 3887 
3 396 398 1143 3888 
3 1354 1039 918 3889 
3 492 1107 1106 3890 
3 668 1218 940 3895 
3 1566 1138 775 3896 
3 719 1069 1681 3898 
3 325 327 1830 3901 
3 374 2049 908 3902 
3 1872 1032 1031 3903 
3 789 830 829 3904 
3 1233 1232 1266 3906 
3 1253 1498 880 3907 
3 491 818 492 3909 
3 787 460 674 3911 
3 1654 1443 1827 3912 
3 2034 1908 1834 3914 
3 543 542 1504 3915 
3 374 181 2049 3916 
3 1854 405 407 3917 
3 116 118 237 3922 
3 1840 1688 1074 3923 
3 1743 1086 2024 3924 
3 177 2011 178 3926 
3 1784 1986 1876 3928 
3 703 702 1857 3929 
3 1490 469 1134 3930 
3 381 1782 529 3931 
3 2076 1893 1207 3932 
3 1649 981 980 3933 
3 688 689 57 3934 
3 1523 366 365 3935 
3 1753 1104 1878 3940 
3 718 1069 719 3941 
3 850 849 842 3942 
3 1112 1380 1509 3943 
3 1358 1830 652 3945 
3 104 464 1798 3946 
3 1621 1628 1939 3947 
3 1994 1497 1467 3948 
3 828 830 1138 3949 
3 1886 1107 1126 3950 
3 1855 1337 1501 3952 
3 1706 221 2003 3953 
3 222 1350 1688 3955 
3 528 594 447 3956 
3 1634 981 1649 3958 
3 594 1296 907 3959 
3 2073 147 282 3960 
3 1955 335 334 3962 
3 1335 1810 1017 3963 
3 1190 669 668 3964 
3 334 1233 1227 3966 
3 979 1130 980 3967 
3 1144 1718 1182 3969 
3 417 1979 913 3970 
3 2042 2003 681 3971 
3 381 1640 1205 3972 
3 1880 1197 671 3974 
3 421 1488 145 3975 
3 1375 1344 1343 3977 
3 1536 2081 589 3978 
3 1994 1467 1008 3980 
3 533 717 534 3981 
3 1277 932 1581 3984 
3 757 170 1266 3985 
3 1325 711 175 3986 
3 1716 722 1392 3992 
3 1130 170 169 3993 
3 828 1138 1566 3994 
3 114 113 131 3995 
3 2068 566 175 3996 
3 1803 786 787 3998 
3 924 1970 263 3999 
3 1839 1748 493 4000 
3 1066 498 853 4003 
3 1356 1358 930 4004 
3 1601 1600 1622 4006 
3 1458 1295 1721 4008 
3 1658 2033 729 4009 
3 1613 737 169 4011 
3 1391 1392 721 4012 
3 505 507 216 4015 
3 1523 1999 366 4016 
3 325 946 1773 4019 
3 1139 1227 1233 4021 
3 1462 1609 1011 4023 
3 1340 1342 1041 4024 
3 1823 1173 266 4025 
3 1253 880 879 4028 
3 1034 1477 1240 4033 
3 1493 344 343 4035 
3 1297 1336 1338 4036 
3 544 414 413 4038 
3 374 1247 375 4039 
3 802 702 803 4040 
3 1608 1461 1965 4042 
3 2012 1902 2038 4043 
3 1667 1666 509 4046 
3 2073 282 453 4048 
3 1795 1342 1305 4049 
3 948 950 1014 4051 
3 1948 1250 1932 4056 
3 131 2075 543 4058 
3 636 1530 1494 4059 
3 2063 289 329 4060 
3 1705 1308 1595 4062 
3 1167 1404 1168 4063 
3 1599 4 1417 4065 
3 1226 700 334 4067 
3 1909 1976 1820 4069 
3 754 1941 61 4071 
3 690 1800 1360 4073 
3 1274 1197 1196 4074 
3 1581 1147 1582 4077 
3 1226 4 1598 4078 
3 570 1848 233 4079 
3 1783 789 788 4080 
3 1878 1249 248 4081 
3 112 1015 2041 4082 
3 2046 2077 57 4083 
3 691 1360 1359 4085 
3 205 207 82 4087 
3 1200 1822 1059 4088 
3 1761 1503 1887 4090 
3 1877 1853 1670 4092 
3 268 270 620 4093 
3 1393 1532 1670 4094 
3 1836 1031 654 4096 
3 1849 1620 1662 4097 
3 364 1418 1585 4099 
3 1085 1063 252 4100 
3 1493 1435 344 4103 
3 1380 362 364 4104 
3 1065 2086 2072 4105 
3 354 353 1993 4111 
3 544 677 676 4112 
3 676 414 544 4113 
3 1647 909 911 4114 
3 230 1207 1901 4117 
3 1719 1901 1097 4118 
3 1406 116 237 4119 
3 1920 597 1663 4120 
3 1663 596 1920 4121 
3 629 1124 1910 4141 
3 1910 1793 1678 4142 
3 1678 629 1910 4143 
3 291 724 1858 4144 
3 46 291 1858 4145 
3 46 1858 2006 4146 
3 46 2006 47 4147 
3 1811 82 84 4148 
3 959 1811 84 4149 
3 1786 2072 1065 4150 
3 1691 876 180 4151 
3 181 180 1640 4152 
3 1640 1812 181 4153 
3 142 918 849 4154 
3 113 1966 1616 4158 
3 1901 1719 230 4159 
3 929 623 403 4164 
3 929 403 968 4165 
3 968 922 1065 4166 
3 2086 2072 435 4173 
3 2085 1835 1981 4177 
3 1671 1152 571 4178 
3 2085 1981 1671 4179 
3 571 2085 1671 4180 
