3 9 10 11 3 
3 12 13 14 4 
3 15 16 17 5 
3 21 22 23 7 
3 24 25 26 8 
3 27 28 29 9 
3 33 34 35 11 
3 36 25 24 12 
3 40 41 42 14 
3 33 43 44 15 
3 45 46 47 16 
3 12 57 58 20 
3 59 60 61 21 
3 65 66 43 23 
3 70 71 72 25 
3 79 80 81 28 
3 82 83 84 29 
3 70 85 71 30 
3 86 29 87 31 
3 88 89 90 32 
3 92 93 94 34 
3 101 102 103 37 
3 104 105 106 38 
3 110 111 112 40 
3 7 113 114 41 
3 116 117 118 43 
3 122 123 124 45 
3 125 126 127 46 
3 131 132 133 48 
3 134 135 136 49 
3 137 138 139 50 
3 140 141 142 51 
3 143 144 145 52 
3 146 147 148 53 
3 168 169 170 61 
3 171 172 173 62 
3 174 175 176 63 
3 177 178 179 64 
3 180 181 182 65 
3 58 57 192 69 
3 196 197 198 71 
3 202 203 204 73 
3 205 206 207 74 
3 211 212 47 76 
3 213 214 215 77 
3 216 217 218 78 
3 219 220 221 79 
3 222 223 224 80 
3 225 226 227 81 
3 228 229 230 82 
3 180 233 234 84 
3 241 242 243 87 
3 247 248 249 89 
3 250 251 252 90 
3 253 254 255 91 
3 83 256 84 92 
3 262 263 264 95 
3 265 266 267 96 
3 268 269 270 97 
3 274 138 275 99 
3 278 279 280 101 
3 146 281 282 102 
3 286 287 288 104 
3 289 290 93 105 
3 291 46 292 106 
3 296 297 298 108 
3 307 308 226 112 
3 323 324 25 119 
3 325 326 327 120 
3 40 328 329 121 
3 334 335 336 124 
3 36 175 323 125 
3 337 338 203 126 
3 343 344 345 129 
3 346 347 85 130 
3 349 350 351 132 
3 352 329 328 133 
3 353 354 355 134 
3 356 357 358 135 
3 359 360 361 136 
3 362 363 364 137 
3 365 366 367 138 
3 376 377 182 142 
3 268 380 269 144 
3 235 237 381 145 
3 385 386 387 147 
3 388 389 390 148 
3 391 392 393 149 
3 394 395 396 150 
3 397 398 399 151 
3 400 401 402 152 
3 406 407 408 154 
3 409 410 411 155 
3 416 417 418 158 
3 420 421 422 160 
3 423 424 425 161 
3 429 430 431 163 
3 207 432 82 164 
3 356 437 438 167 
3 441 173 442 169 
3 443 444 445 170 
3 386 451 452 173 
3 455 456 381 175 
3 457 458 459 176 
3 338 460 203 177 
3 464 395 465 179 
3 468 469 470 182 
3 471 472 473 183 
3 474 475 476 184 
3 484 485 486 188 
3 490 491 492 190 
3 495 496 497 192 
3 501 502 172 194 
3 506 507 508 196 
3 509 510 511 197 
3 512 513 514 198 
3 517 518 519 201 
3 532 451 533 207 
3 59 61 23 208 
3 537 538 66 210 
3 0 2 539 211 
3 388 540 541 212 
3 542 543 544 213 
3 545 546 547 214 
3 548 417 225 215 
3 549 550 551 216 
3 552 553 256 217 
3 506 554 507 218 
3 555 556 557 219 
3 561 562 563 222 
3 323 175 571 226 
3 572 573 144 227 
3 408 118 574 228 
3 575 233 576 229 
3 577 578 579 230 
3 584 585 586 233 
3 113 402 401 235 
3 24 26 590 237 
3 591 282 281 238 
3 89 592 90 239 
3 593 594 595 240 
3 596 597 254 241 
3 598 599 600 242 
3 601 602 603 243 
3 604 605 606 244 
3 608 609 610 246 
3 622 623 624 252 
3 407 628 629 254 
3 631 632 335 256 
3 633 634 635 257 
3 639 510 640 259 
3 641 642 643 260 
3 644 645 646 261 
3 650 278 280 264 
3 88 651 652 265 
3 655 656 657 267 
3 658 659 660 268 
3 661 662 663 269 
3 673 674 675 274 
3 676 677 678 275 
3 679 680 681 276 
3 418 682 683 277 
3 684 685 686 278 
3 687 688 689 279 
3 26 25 690 280 
3 691 646 692 281 
3 33 44 34 283 
3 694 106 695 284 
3 696 697 698 285 
3 699 564 700 286 
3 701 702 703 287 
3 704 705 706 288 
3 471 217 216 289 
3 707 708 709 290 
3 322 131 710 291 
3 711 712 713 292 
3 714 715 716 294 
3 176 717 718 295 
3 719 720 304 296 
3 595 288 287 297 
3 460 204 203 298 
3 110 538 723 300 
3 724 725 726 301 
3 241 727 728 302 
3 291 729 730 303 
3 734 735 736 305 
3 65 537 66 308 
3 742 169 743 309 
3 290 398 746 311 
3 749 750 751 313 
3 755 546 756 315 
3 759 760 61 317 
3 761 762 206 318 
3 763 168 170 319 
3 608 769 550 322 
3 770 771 772 323 
3 779 780 781 327 
3 782 508 783 329 
3 784 173 785 330 
3 792 464 793 333 
3 296 174 176 336 
3 797 512 798 337 
3 799 800 469 338 
3 804 805 806 340 
3 807 808 809 342 
3 114 131 322 343 
3 817 818 819 347 
3 820 821 822 348 
3 823 824 825 349 
3 827 828 254 351 
3 21 832 833 353 
3 40 42 445 354 
3 40 92 41 355 
3 834 835 836 356 
3 846 847 848 362 
3 849 850 851 363 
3 132 855 856 365 
3 142 857 858 366 
3 596 254 253 367 
3 471 473 217 369 
3 442 861 862 370 
3 864 865 140 372 
3 873 874 875 376 
3 122 124 880 380 
3 691 71 882 382 
3 734 883 884 383 
3 423 233 885 384 
3 889 890 820 386 
3 898 695 899 390 
3 905 684 557 394 
3 704 906 907 395 
3 911 605 604 397 
3 915 267 916 400 
3 386 920 921 403 
3 922 923 924 404 
3 925 421 926 405 
3 930 931 932 407 
3 933 934 808 408 
3 443 445 42 409 
3 725 770 935 410 
3 112 281 146 412 
3 937 263 712 413 
3 938 939 142 414 
3 942 455 628 416 
3 943 944 945 417 
3 947 948 346 419 
3 88 925 926 420 
3 643 949 950 421 
3 646 951 692 422 
3 952 551 953 423 
3 942 957 456 425 
3 640 510 958 426 
3 959 960 222 427 
3 964 959 965 429 
3 967 963 968 431 
3 975 256 553 434 
3 87 976 977 435 
3 983 984 985 439 
3 726 986 406 440 
3 782 987 508 441 
3 429 988 989 442 
3 990 991 992 443 
3 996 658 660 445 
3 997 998 999 446 
3 1000 1001 1002 448 
3 420 1004 421 450 
3 1011 1012 1013 453 
3 1014 1015 1016 454 
3 474 476 1019 456 
3 1020 1021 735 457 
3 1029 1030 264 462 
3 278 1031 279 463 
3 1035 1036 1037 465 
3 1038 1039 1040 466 
3 292 46 45 467 
3 241 1041 242 468 
3 1047 924 1048 473 
3 1049 1050 1051 474 
3 1052 1053 1054 475 
3 1055 1056 1057 476 
3 873 1058 906 477 
3 1059 1031 360 478 
3 1000 1002 549 480 
3 1039 146 148 481 
3 1063 1064 81 483 
3 1065 985 984 484 
3 394 1066 1067 485 
3 1069 1070 554 487 
3 1071 237 118 488 
3 1072 1073 397 489 
3 1081 1082 847 493 
3 1083 930 275 494 
3 817 1084 818 495 
3 799 469 468 496 
3 1089 1090 439 501 
3 1091 173 172 502 
3 1092 1093 1094 503 
3 1098 1099 1100 505 
3 1101 1102 835 506 
3 134 1103 391 507 
3 349 425 350 508 
3 720 148 147 509 
3 1105 1106 1107 511 
3 1121 798 1122 517 
3 1123 1124 1125 518 
3 1054 1126 1127 521 
3 720 147 304 522 
3 416 1128 1129 523 
3 1130 1131 1132 524 
3 1133 1134 1135 525 
3 1136 1137 16 526 
3 707 709 1140 529 
3 1142 1143 1144 531 
3 1035 1037 1145 532 
3 1147 1148 1149 535 
3 760 987 1150 536 
3 824 1151 1132 538 
3 255 798 1121 542 
3 998 1156 169 543 
3 1161 1162 1163 547 
3 1164 124 123 548 
3 1165 1166 1167 549 
3 1168 574 1169 550 
3 1170 400 1171 551 
3 1172 1173 1174 552 
3 770 772 439 553 
3 86 27 29 555 
3 473 1175 1162 556 
3 1052 1176 1177 557 
3 676 345 988 559 
3 460 571 204 560 
3 241 728 1179 562 
3 846 931 1064 563 
3 1180 1181 576 564 
3 1186 1187 1188 567 
3 1189 1190 1191 568 
3 1192 1013 1193 569 
3 1194 1195 80 570 
3 1196 1197 1198 571 
3 399 398 290 573 
3 629 1199 408 574 
3 1143 1200 214 575 
3 809 243 1201 576 
3 1202 1203 1204 577 
3 1208 1209 1210 579 
3 1211 1174 1212 580 
3 1213 1214 1150 581 
3 823 1151 824 583 
3 1215 1216 674 584 
3 1217 1169 1123 585 
3 1216 1218 1219 586 
3 357 1220 1221 587 
3 1225 597 212 589 
3 1226 1227 1228 590 
3 509 216 139 591 
3 1231 1232 1151 593 
3 847 1082 858 594 
3 255 1237 1238 597 
3 229 1239 230 598 
3 1145 1037 1246 601 
3 418 683 1128 602 
3 1247 1248 1249 603 
3 949 712 950 604 
3 441 862 605 605 
3 1250 985 1065 606 
3 673 1251 674 607 
3 1263 890 1264 613 
3 1265 334 1266 614 
3 899 106 105 616 
3 336 1271 1272 618 
3 1247 1273 1274 619 
3 451 599 452 620 
3 1275 992 991 621 
3 1279 35 699 623 
3 9 11 116 624 
3 1050 1282 1283 627 
3 1284 1285 1286 628 
3 1287 1288 1289 629 
3 1292 889 1073 631 
3 1297 1298 1299 634 
3 1028 967 968 635 
3 1300 1301 1302 637 
3 997 1306 1156 640 
3 1216 743 1218 642 
3 61 1310 832 643 
3 1089 1311 1312 644 
3 1313 678 1314 645 
3 1319 1320 127 648 
3 65 1321 537 649 
3 828 255 254 650 
3 817 819 1057 651 
3 1324 1325 1326 653 
3 967 34 1038 654 
3 355 1327 600 655 
3 1047 1048 1328 658 
3 269 874 873 659 
3 1332 1333 1334 661 
3 1335 1336 598 662 
3 1070 1337 554 663 
3 576 233 423 667 
3 1345 1346 1136 668 
3 1347 1348 1349 669 
3 1212 1352 1353 671 
3 1181 1355 576 673 
3 1332 1359 1333 676 
3 212 597 1360 677 
3 750 557 686 681 
3 1347 1349 1037 683 
3 1365 24 1366 686 
3 1367 1368 748 688 
3 678 677 1228 689 
3 661 1371 1372 692 
3 827 254 1225 694 
3 1376 1041 1011 695 
3 269 380 874 696 
3 1377 1378 1379 697 
3 501 172 958 698 
3 325 1380 959 700 
3 1381 1382 1383 701 
3 444 124 144 702 
3 591 1384 1385 703 
3 1039 148 1040 704 
3 113 401 131 705 
3 1054 1353 1126 706 
3 931 848 857 707 
3 804 1389 1390 710 
3 1391 960 1392 711 
3 1393 690 976 712 
3 680 1394 681 713 
3 1395 930 1083 714 
3 1400 1401 1402 718 
3 942 456 455 719 
3 202 1406 1407 721 
3 353 355 600 723 
3 1411 804 1412 724 
3 572 144 1164 726 
3 1284 1416 1285 727 
3 1417 473 883 728 
3 1418 281 112 729 
3 1419 1406 1420 730 
3 1136 1423 1137 733 
3 1433 1434 1435 740 
3 1436 343 1437 741 
3 1441 249 1442 743 
3 503 1443 72 744 
3 990 1312 991 745 
3 1446 1292 1073 747 
3 1170 861 502 748 
3 241 1179 1041 749 
3 1328 924 1448 752 
3 1063 1449 1450 755 
3 1196 1451 1452 756 
3 406 408 574 758 
3 389 1454 672 761 
3 269 1455 839 763 
3 1456 916 519 765 
3 1457 769 1458 766 
3 1460 1461 985 768 
3 1038 34 44 769 
3 1180 771 1093 771 
3 1467 1468 1469 774 
3 227 226 1470 775 
3 1475 623 1476 778 
3 514 1122 798 782 
3 1478 1479 1402 783 
3 947 1480 652 784 
3 1481 1419 1298 785 
3 1484 345 344 788 
3 1485 1486 1487 789 
3 176 175 717 790 
3 1301 196 1302 791 
3 509 139 1488 792 
3 1492 134 1493 797 
3 591 1385 1494 798 
3 704 706 906 801 
3 1496 1497 1332 802 
3 471 1498 472 804 
3 925 422 421 809 
3 44 66 538 811 
3 1505 1506 1507 812 
3 1508 1509 431 813 
3 1510 1063 10 814 
3 1416 397 1514 816 
3 598 600 1327 817 
3 1389 1515 1516 819 
3 518 1327 355 820 
3 1517 781 1166 821 
3 1518 1250 1442 822 
3 1519 1520 884 823 
3 388 541 389 824 
3 1521 1522 1523 825 
3 1390 1526 805 827 
3 1145 1527 543 828 
3 386 452 920 829 
3 1531 360 1532 831 
3 391 1103 392 833 
3 471 511 639 834 
3 1297 1538 622 837 
3 1163 1162 1175 838 
3 1411 1412 1542 840 
3 805 543 1543 841 
3 1188 1187 1544 842 
3 804 1545 1389 843 
3 349 1546 425 844 
3 1538 1547 1346 845 
3 1221 657 656 847 
3 1161 1548 1162 848 
3 1551 343 1461 851 
3 642 1552 1553 853 
3 1555 1522 1521 855 
3 1217 1168 1169 856 
3 1484 1556 1557 857 
3 846 1064 1510 858 
3 1180 1093 1181 859 
3 720 1040 148 861 
3 1142 1200 1143 862 
3 1542 1360 597 863 
3 1328 1048 924 864 
3 1560 116 1454 866 
3 1054 1561 1353 867 
3 1560 1562 9 868 
3 1564 1149 1479 870 
3 1565 1566 1564 871 
3 957 381 456 873 
3 1137 1567 1568 874 
3 593 1569 594 876 
3 1433 584 586 877 
3 1470 226 308 879 
3 1578 57 135 883 
3 250 905 557 884 
3 851 856 855 885 
3 1579 1580 1204 886 
3 922 1582 1583 889 
3 593 207 762 890 
3 1321 93 746 891 
3 545 140 1081 892 
3 1287 1584 1585 893 
3 1586 224 934 895 
3 1219 1218 1589 899 
3 1142 1506 1590 901 
3 125 1591 1592 903 
3 1065 984 1593 905 
3 1594 711 1106 907 
3 779 1433 780 909 
3 1598 288 1599 910 
3 1164 144 124 911 
3 21 1600 1601 913 
3 1298 1602 1299 914 
3 357 13 12 917 
3 1605 1606 1607 918 
3 117 1449 1124 919 
3 1608 1593 984 921 
3 873 875 1058 923 
3 1181 575 1355 924 
3 1002 645 1612 925 
3 1052 1616 1053 927 
3 727 1437 1617 928 
3 1626 1084 1627 933 
3 286 1628 1629 934 
3 376 182 181 935 
3 1213 1150 782 937 
3 1633 1578 135 938 
3 321 710 547 940 
3 1419 1420 1634 941 
3 730 1456 354 942 
3 1486 578 178 944 
3 975 543 1635 945 
3 1636 1287 1289 946 
3 780 1637 781 947 
3 1400 635 634 950 
3 1640 707 1140 951 
3 358 12 1641 953 
3 1551 1461 1460 957 
3 1246 1037 1349 958 
3 1216 1219 674 961 
3 1399 658 944 962 
3 864 133 865 963 
3 591 459 458 966 
3 470 1658 1659 967 
3 1467 363 1468 968 
3 1030 1521 1663 970 
3 1664 1665 1666 971 
3 553 1667 1412 973 
3 1560 547 1562 974 
3 923 1628 1448 975 
3 1668 1011 1669 976 
3 1475 1679 623 983 
3 1680 735 1681 984 
3 1508 431 1682 986 
3 1683 1684 1685 987 
3 227 1686 1687 988 
3 1688 1689 420 989 
3 1411 597 596 991 
3 562 361 563 994 
3 321 547 540 996 
3 1696 1697 1515 998 
3 1698 1699 1700 999 
3 104 1700 539 1000 
3 1284 921 1336 1001 
3 1701 1589 743 1002 
3 591 1494 911 1003 
3 253 1705 1706 1006 
3 1707 1368 457 1007 
3 782 783 1709 1010 
3 1626 1627 544 1011 
3 1711 1712 83 1015 
3 1498 1713 472 1016 
3 772 1089 439 1018 
3 1004 286 288 1020 
3 1719 1720 1721 1021 
3 585 1722 1723 1022 
3 1727 1728 335 1024 
3 996 1519 1161 1025 
3 1729 1517 999 1026 
3 1297 1730 1731 1028 
3 724 1168 1217 1029 
3 144 573 145 1031 
3 509 958 510 1032 
3 1735 1238 1237 1033 
3 701 703 1736 1034 
3 1737 1738 641 1035 
3 1192 1193 799 1040 
3 1746 1747 1748 1042 
3 1749 1215 953 1043 
3 358 357 12 1044 
3 1417 736 217 1047 
3 15 465 1759 1049 
3 544 543 1527 1050 
3 1760 1761 1699 1051 
3 1762 1538 1297 1052 
3 1602 964 1763 1053 
3 1680 1177 1764 1054 
3 1035 1616 1036 1055 
3 138 1771 1126 1058 
3 1772 1711 432 1059 
3 549 551 952 1060 
3 1313 1314 1012 1062 
3 1225 212 211 1063 
3 1774 1434 1433 1066 
3 70 925 1480 1068 
3 1053 1616 1697 1069 
3 1181 1778 1779 1070 
3 1780 1629 1628 1071 
3 1071 118 1199 1072 
3 882 71 85 1073 
3 484 1128 485 1074 
3 714 503 692 1075 
3 880 562 561 1076 
3 1784 1785 1593 1078 
3 291 45 1049 1079 
3 1786 1787 1311 1080 
3 561 563 278 1081 
3 366 398 367 1085 
3 1792 1793 1794 1087 
3 1795 1522 1555 1088 
3 1796 1094 771 1089 
3 442 173 861 1090 
3 702 1797 703 1091 
3 1729 781 1517 1097 
3 1393 976 29 1098 
3 1806 586 585 1099 
3 1807 223 1808 1101 
3 1659 102 101 1104 
3 1263 821 820 1105 
3 485 1128 683 1106 
3 180 182 1813 1107 
3 1149 634 633 1108 
3 590 28 198 1111 
3 1284 1818 1416 1112 
3 354 519 355 1113 
3 1468 363 1547 1116 
3 1822 598 1327 1117 
3 1216 742 743 1118 
3 1825 932 939 1120 
3 629 1826 1199 1121 
3 1827 1828 1469 1122 
3 1505 1507 1565 1123 
3 126 264 263 1124 
3 1264 890 1460 1125 
3 1829 1246 1349 1126 
3 934 224 708 1127 
3 1830 1831 221 1128 
3 1135 1806 585 1130 
3 1063 81 1449 1133 
3 1484 1557 345 1136 
3 1586 1602 1763 1138 
3 1845 627 1378 1140 
3 944 1161 1163 1142 
3 1418 485 1385 1144 
3 1846 1187 1784 1145 
3 2 1192 799 1146 
3 222 1808 223 1147 
3 1847 1848 676 1148 
3 1418 112 111 1150 
3 137 218 1021 1151 
3 729 1456 730 1152 
3 1211 1849 1174 1154 
3 1853 513 1778 1156 
3 278 563 1031 1157 
3 1854 689 688 1158 
3 1822 101 1855 1159 
3 452 599 920 1160 
3 921 920 1336 1161 
3 1697 1616 1035 1162 
3 1029 264 126 1166 
3 1861 818 1626 1168 
3 402 459 1864 1170 
3 1818 1336 1335 1171 
3 1083 275 1173 1172 
3 1189 1191 1192 1173 
3 352 328 1865 1174 
3 324 1868 976 1176 
3 407 629 408 1177 
3 79 1172 80 1178 
3 1478 1401 1869 1179 
3 1870 504 503 1180 
3 1871 249 248 1181 
3 1749 998 1879 1185 
3 702 215 1797 1186 
3 486 1418 111 1187 
3 1100 1099 1880 1188 
3 640 958 172 1190 
3 537 1883 1884 1192 
3 592 1886 90 1195 
3 930 274 275 1200 
3 444 144 143 1201 
3 1892 730 354 1202 
3 1893 1188 1894 1203 
3 84 256 975 1204 
3 357 1854 1220 1205 
3 1784 1593 1608 1206 
3 1895 702 1896 1207 
3 755 9 1562 1209 
3 698 1400 1898 1210 
3 1901 1212 1561 1212 
3 1902 1226 1228 1213 
3 676 1904 677 1215 
3 12 14 1905 1216 
3 769 953 550 1219 
3 1287 1585 1288 1220 
3 122 561 650 1221 
3 1275 979 992 1222 
3 1908 640 784 1223 
3 1884 1883 1909 1224 
3 759 1274 1273 1226 
3 334 336 1272 1227 
3 898 1911 695 1230 
3 1912 691 577 1231 
3 1419 1634 1915 1234 
3 338 1924 324 1241 
3 211 47 1926 1243 
3 1927 794 330 1245 
3 1929 1930 87 1247 
3 1324 1507 1451 1248 
3 441 442 862 1249 
3 1931 1089 1932 1250 
3 1181 1779 1933 1252 
3 555 557 750 1253 
3 851 855 1935 1255 
3 1443 505 422 1259 
3 396 395 1606 1262 
3 1509 1855 1940 1263 
3 797 233 512 1264 
3 1764 1177 1176 1265 
3 1793 1941 1794 1266 
3 1170 502 501 1267 
3 1942 250 662 1269 
3 1066 1383 1943 1270 
3 1737 1944 1738 1271 
3 1558 1213 1709 1272 
3 1300 1302 27 1275 
3 1945 685 643 1278 
3 1203 105 1946 1279 
3 1946 1947 1579 1281 
3 1458 579 1485 1282 
3 1172 1211 1194 1283 
3 696 393 1948 1285 
3 759 61 60 1286 
3 906 706 1684 1287 
3 93 290 746 1289 
3 1949 1880 1392 1291 
3 1156 1306 170 1293 
3 1640 1140 1950 1295 
3 14 657 1905 1296 
3 1565 1951 793 1297 
3 1407 1406 1419 1299 
3 1846 1784 1608 1300 
3 1846 1334 1187 1301 
3 113 1707 402 1302 
3 1954 1955 206 1306 
3 712 263 1956 1307 
3 1822 1327 1957 1308 
3 1070 1196 1337 1309 
3 965 222 224 1310 
3 1467 1469 1958 1311 
3 975 1635 1959 1312 
3 608 550 1612 1314 
3 386 1960 387 1315 
3 253 255 1705 1316 
3 1950 985 1461 1319 
3 1189 1192 1972 1323 
3 584 1435 1523 1324 
3 1365 175 36 1327 
3 213 1143 214 1328 
3 205 82 1959 1329 
3 503 691 692 1330 
3 1974 1627 1084 1332 
3 1975 898 1976 1333 
3 1977 1978 1974 1334 
3 1592 1029 126 1336 
3 808 934 708 1337 
3 1548 883 473 1341 
3 1898 1761 1979 1342 
3 1302 198 28 1345 
3 1984 327 659 1348 
3 1985 1986 298 1349 
3 1051 1050 1987 1350 
3 1988 2 1 1351 
3 1989 576 423 1352 
3 1990 660 659 1353 
3 86 87 1930 1355 
3 325 1984 1993 1357 
3 1516 1515 1697 1359 
3 1780 1987 1629 1360 
3 1949 959 1380 1362 
3 1995 497 496 1363 
3 1496 1996 1098 1364 
3 1915 959 964 1365 
3 264 1030 1663 1367 
3 1443 422 925 1368 
3 202 2001 1406 1370 
3 1456 519 354 1372 
3 2002 542 1974 1373 
3 1436 2003 343 1375 
3 809 708 707 1376 
3 1148 681 2004 1377 
3 2009 512 233 1382 
3 437 646 645 1383 
3 1479 633 1402 1385 
3 1892 353 1926 1386 
3 1635 2002 1978 1387 
3 2010 1050 1719 1388 
3 512 514 798 1389 
3 2001 2012 1406 1391 
3 2013 347 948 1392 
3 1441 2014 247 1393 
3 2015 1134 409 1394 
3 2016 1709 783 1395 
3 850 865 856 1396 
3 1701 689 1589 1397 
3 1488 850 2017 1398 
3 224 2018 708 1400 
3 362 1547 363 1401 
3 1202 1204 1580 1402 
3 2019 730 2020 1404 
3 911 1494 2024 1407 
3 1949 960 959 1408 
3 1263 1264 1518 1409 
3 2025 1949 1993 1410 
3 1395 931 930 1411 
3 2026 1996 1332 1412 
3 563 361 1031 1415 
3 1284 376 921 1416 
3 386 921 1960 1417 
3 423 885 424 1418 
3 1173 275 1126 1420 
3 336 2027 1271 1421 
3 959 222 965 1422 
3 1807 709 2018 1423 
3 1418 1384 281 1424 
3 964 965 1763 1425 
3 2028 1485 1487 1426 
3 807 809 1201 1427 
3 1016 2029 2030 1428 
3 2031 1886 2032 1429 
3 676 988 1904 1434 
3 2039 817 2040 1437 
3 1142 1144 704 1439 
3 87 29 976 1440 
3 2032 1886 1995 1442 
3 112 146 1039 1443 
3 2042 135 1492 1445 
3 2045 1929 2046 1447 
3 247 2050 2051 1451 
3 2052 2053 103 1454 
3 2015 1101 2054 1455 
3 1098 1996 1099 1456 
3 1274 1066 1248 1459 
3 1519 1548 1161 1462 
3 2010 1719 2058 1463 
3 13 655 14 1464 
3 1735 387 1960 1465 
3 1985 2059 2039 1466 
3 324 1924 1868 1469 
3 1945 2045 685 1470 
3 180 885 233 1473 
3 1871 248 1585 1474 
3 1054 1696 2060 1475 
3 2 799 468 1476 
3 1977 1974 1231 1477 
3 104 1946 105 1478 
3 1565 793 1566 1480 
3 1602 1915 964 1481 
3 634 1792 1761 1483 
3 102 2052 103 1486 
3 1209 1986 326 1488 
3 1901 2068 2069 1489 
3 2070 916 267 1490 
3 1493 134 2071 1493 
3 622 624 1731 1494 
3 1762 1468 1538 1496 
3 714 1870 503 1497 
3 2013 948 947 1498 
3 1189 1972 1668 1499 
3 1106 1300 86 1501 
3 59 23 2072 1504 
3 905 1737 684 1505 
3 1865 328 445 1506 
3 1041 1958 242 1507 
3 1505 1478 1869 1508 
3 343 2003 1461 1509 
3 537 1321 1883 1510 
3 325 1634 1210 1511 
3 1313 676 678 1512 
3 1313 728 1847 1513 
3 1309 1100 1880 1514 
3 2040 1056 1990 1516 
3 1590 1797 1200 1519 
3 2059 1232 2039 1522 
3 1460 1556 1484 1523 
3 1059 1279 699 1524 
3 719 961 720 1526 
3 1279 1531 65 1527 
3 2076 2077 2078 1529 
3 604 1864 459 1530 
3 713 712 1956 1531 
3 1000 549 2079 1532 
3 2080 714 951 1533 
3 825 495 2081 1534 
3 1689 1628 286 1535 
3 725 1796 770 1536 
3 2082 1659 101 1537 
3 2015 834 1806 1538 
3 241 243 727 1539 
3 41 360 42 1540 
3 548 2024 683 1541 
3 548 225 441 1542 
3 1988 2083 2084 1544 
3 2085 2004 0 1545 
3 996 660 1056 1546 
3 1319 2086 2087 1548 
3 834 780 1806 1549 
3 122 1275 991 1552 
3 1949 1392 960 1556 
3 2094 1663 2095 1558 
3 1481 1407 1419 1559 
3 2010 1282 1050 1560 
3 1091 861 173 1563 
3 225 227 1687 1564 
3 1264 1460 1250 1566 
3 601 1371 2096 1567 
3 102 1658 2052 1568 
3 2097 702 2098 1569 
3 1608 984 2099 1572 
3 1209 298 1986 1573 
3 1640 809 707 1576 
3 1865 445 444 1578 
3 1470 308 1544 1580 
3 265 2106 266 1581 
3 1225 254 597 1583 
3 2012 1210 1420 1585 
3 937 1553 1552 1586 
3 326 1990 327 1587 
3 1975 1911 898 1591 
3 564 279 700 1593 
3 1279 33 35 1594 
3 1337 1379 554 1595 
3 933 808 807 1596 
3 1012 1314 1227 1602 
3 1826 381 1071 1603 
3 65 1531 1532 1604 
3 92 1532 360 1605 
3 1822 1957 101 1607 
3 2119 602 2096 1608 
3 395 1759 465 1609 
3 2120 1288 1129 1610 
3 123 1312 1311 1611 
3 1089 990 1932 1612 
3 1786 1089 1180 1613 
3 1013 800 1193 1614 
3 349 143 145 1615 
3 142 932 931 1616 
3 695 1911 57 1618 
3 2124 1175 473 1620 
3 945 1175 1664 1621 
3 779 2125 1487 1623 
3 2126 807 1201 1624 
3 61 832 23 1625 
3 225 307 226 1627 
3 2062 1795 209 1631 
3 296 298 1209 1632 
3 1365 36 24 1633 
3 1955 761 206 1637 
3 2129 1721 552 1639 
3 397 889 820 1640 
3 2130 1772 593 1641 
3 1689 286 1004 1642 
3 474 556 555 1644 
3 490 492 2131 1645 
3 922 1583 2132 1646 
3 1988 2084 1192 1647 
3 416 308 307 1648 
3 364 363 1467 1649 
3 1871 1585 821 1651 
3 690 324 976 1653 
3 1818 1335 2134 1654 
3 1526 1145 543 1656 
3 2135 2106 729 1657 
3 2020 1892 1926 1659 
3 1711 83 432 1660 
3 1773 602 1558 1662 
3 212 2136 1720 1663 
3 83 2129 256 1664 
3 2138 1289 2139 1667 
3 1827 1299 2140 1669 
3 1002 1612 550 1671 
3 1828 2126 1201 1672 
3 1927 2141 836 1675 
3 2142 1807 2026 1676 
3 110 112 538 1677 
3 1943 1136 1067 1680 
3 622 1345 1383 1681 
3 1324 1326 1951 1682 
3 360 1031 361 1684 
3 269 1685 1455 1689 
3 517 2082 1957 1690 
3 1208 174 296 1691 
3 1569 762 761 1695 
3 1144 2097 705 1696 
3 134 1905 657 1699 
3 464 465 680 1700 
3 1987 1050 1283 1701 
3 996 1161 658 1702 
3 2155 2156 1727 1703 
3 1727 2098 1728 1704 
3 1055 1057 819 1705 
3 356 2079 689 1706 
3 699 967 564 1707 
3 1772 432 207 1709 
3 1895 2098 702 1710 
3 338 324 323 1712 
3 1469 1828 1958 1713 
3 496 297 718 1714 
3 961 1040 720 1715 
3 1052 1177 1616 1716 
3 681 1394 17 1717 
3 593 762 1569 1720 
3 542 544 1627 1721 
3 827 1225 211 1728 
3 2082 101 1957 1730 
3 2165 1591 125 1731 
3 269 1683 1685 1734 
3 2132 1051 2167 1735 
3 357 1221 656 1736 
3 1807 224 223 1737 
3 605 862 606 1739 
3 1955 1569 761 1743 
3 1760 1979 1761 1744 
3 2130 593 595 1746 
3 1029 1591 641 1748 
3 827 211 1926 1750 
3 760 1150 2176 1751 
3 709 983 1140 1753 
3 2177 1515 1545 1755 
3 1975 1976 1202 1756 
3 1106 86 1930 1757 
3 179 178 578 1758 
3 1707 2181 2182 1761 
3 1352 1174 1173 1762 
3 2097 2098 705 1763 
3 609 1612 645 1765 
3 1142 2183 1506 1766 
3 1976 899 1202 1767 
3 506 1247 1069 1768 
3 1065 1593 1442 1769 
3 2184 1706 1545 1770 
3 1846 2099 2026 1771 
3 704 1144 705 1772 
3 1945 643 950 1773 
3 1381 59 2072 1774 
3 1038 44 1039 1775 
3 127 2185 2086 1776 
3 1031 700 279 1781 
3 1558 602 1213 1782 
3 817 1232 1084 1783 
3 1861 1626 2190 1785 
3 2191 2071 391 1787 
3 2026 1807 1808 1793 
3 1797 1869 2200 1794 
3 2201 2083 1568 1795 
3 2201 1567 1972 1796 
3 2205 2206 1214 1798 
3 1728 631 335 1799 
3 1247 1249 1069 1800 
3 2207 592 89 1801 
3 629 455 1826 1803 
3 2209 573 1787 1805 
3 2155 1727 335 1809 
3 1822 1335 598 1813 
3 469 800 1226 1814 
3 1181 2218 1778 1815 
3 1014 2046 2219 1816 
3 1192 1191 1013 1817 
3 2099 984 2220 1818 
3 1705 2078 1706 1820 
3 749 685 2045 1821 
3 1147 2223 679 1822 
3 117 1450 1449 1823 
3 711 950 712 1825 
3 590 198 2032 1826 
3 2226 2227 476 1827 
3 1902 469 1226 1828 
3 430 1292 1446 1830 
3 1892 354 2228 1831 
3 1092 2218 1093 1832 
3 1393 26 690 1834 
3 2191 698 1898 1836 
3 2017 850 849 1837 
3 192 1748 924 1838 
3 392 1736 1948 1839 
3 2231 1030 1738 1843 
3 698 697 1400 1845 
3 661 663 1371 1846 
3 7 2182 113 1848 
3 1433 1435 584 1849 
3 2231 1088 1549 1850 
3 2207 1599 594 1851 
3 225 1687 785 1854 
3 1689 2236 1628 1855 
3 1854 219 1220 1857 
3 539 2 468 1858 
3 2080 358 1641 1859 
3 83 1712 2129 1860 
3 45 1720 1719 1861 
3 1395 79 81 1862 
3 1509 1940 431 1865 
3 1895 1896 219 1866 
3 1411 1542 597 1867 
3 760 1273 987 1868 
3 760 2176 2131 1869 
3 540 547 541 1870 
3 366 2238 746 1871 
3 644 691 1912 1873 
3 1020 137 1021 1874 
3 1221 1220 2239 1875 
3 2010 1772 1282 1876 
3 420 1689 1004 1879 
3 336 335 632 1880 
3 1194 1211 229 1881 
3 759 2240 1274 1885 
3 2241 1830 2242 1886 
3 1927 330 1265 1888 
3 696 1401 697 1889 
3 2227 1019 476 1890 
3 532 600 599 1892 
3 915 729 265 1893 
3 2084 1972 1192 1894 
3 94 93 1321 1896 
3 555 2029 2243 1897 
3 61 492 1310 1898 
3 1687 784 785 1899 
3 2244 2138 2139 1900 
3 2019 2020 2245 1901 
3 1567 1423 1668 1902 
3 1137 17 16 1903 
3 506 1069 554 1905 
3 1713 1665 472 1907 
3 763 2027 168 1908 
3 1170 501 851 1909 
3 1004 288 1598 1910 
3 2207 2249 592 1911 
3 749 555 750 1912 
3 2250 988 429 1913 
3 225 417 307 1914 
3 1861 1246 1829 1916 
3 1029 641 1738 1920 
3 1307 1309 1880 1922 
3 825 1955 1954 1924 
3 1145 1246 1527 1925 
3 1171 862 861 1926 
3 122 991 123 1927 
3 490 476 475 1928 
3 1594 1929 2045 1929 
3 996 1055 1519 1930 
3 1762 1827 1468 1931 
3 1149 1148 2085 1933 
3 759 1273 760 1934 
3 2255 555 2243 1936 
3 122 880 561 1937 
3 122 650 1275 1938 
3 1774 2256 1434 1939 
3 1626 544 1527 1940 
3 1049 1051 1583 1941 
3 1845 268 627 1942 
3 139 216 218 1948 
3 1626 1527 2190 1949 
3 1582 2135 1049 1951 
3 506 1273 1247 1952 
3 997 1165 1306 1953 
3 1560 9 116 1954 
3 44 43 66 1955 
3 2020 1926 47 1956 
3 196 652 197 1959 
3 2241 1728 1831 1960 
3 749 751 685 1961 
3 2258 2060 2177 1962 
3 2156 2143 705 1963 
3 572 1787 573 1964 
3 2015 411 1101 1965 
3 1137 1568 17 1966 
3 1345 1538 1346 1967 
3 1893 1894 416 1969 
3 1787 123 1311 1973 
3 1313 1847 676 1974 
3 1951 1326 1607 1976 
3 1011 1041 1012 1978 
3 1797 2200 1736 1981 
3 2010 1712 1711 1988 
3 2263 723 1884 1989 
3 847 858 848 1990 
3 2028 1458 1485 1991 
3 2264 1475 2072 1992 
3 690 25 324 1993 
3 1441 1785 2014 1994 
3 1288 1585 248 1997 
3 291 292 45 1998 
3 325 1210 326 1999 
3 823 825 1954 2000 
3 338 323 460 2001 
3 846 756 847 2002 
3 509 1488 2017 2004 
3 1011 1190 1669 2006 
3 1191 1190 1011 2007 
3 2142 2220 1807 2008 
3 604 606 1864 2009 
3 1505 1565 1478 2012 
3 937 712 1553 2014 
3 357 655 13 2015 
3 1391 1392 1099 2017 
3 104 539 468 2019 
3 2138 486 1909 2020 
3 1721 2136 2276 2021 
3 1565 1507 1324 2023 
3 22 2264 23 2024 
3 1381 1274 2240 2025 
3 793 1147 1566 2027 
3 1140 985 1950 2028 
3 1942 661 2282 2029 
3 1393 590 26 2030 
3 1263 1518 1871 2032 
3 45 1719 1050 2034 
3 2256 1487 1486 2035 
3 1208 296 1209 2036 
3 1478 1402 1401 2038 
3 268 625 627 2039 
3 2287 252 2282 2041 
3 2071 134 391 2042 
3 2288 716 1328 2043 
3 1346 1547 362 2044 
3 1379 507 554 2045 
3 1902 2053 1658 2046 
3 724 1217 1092 2048 
3 2020 730 1892 2049 
3 132 856 133 2052 
3 2191 696 698 2053 
3 1220 392 2239 2056 
3 388 321 540 2057 
3 1557 1556 2289 2058 
3 177 179 2290 2059 
3 2082 2070 1580 2060 
3 2070 2291 916 2061 
3 356 358 437 2062 
3 1047 192 924 2065 
3 610 1912 2292 2066 
3 2293 2294 1955 2067 
3 1951 1607 792 2068 
3 1589 689 2079 2069 
3 1560 389 541 2070 
3 1845 1378 1377 2071 
3 1072 1682 1073 2072 
3 1381 1066 1274 2074 
3 1957 1327 518 2076 
3 1826 455 381 2079 
3 1707 2182 1368 2080 
3 1972 1567 1668 2081 
3 629 628 455 2082 
3 679 681 1148 2083 
3 1762 1297 1827 2086 
3 1457 2028 953 2087 
3 202 204 2001 2088 
3 1451 907 1452 2089 
3 1854 688 220 2091 
3 644 646 691 2092 
3 1231 1084 1232 2093 
3 2191 391 696 2094 
3 610 644 1912 2095 
3 1165 1167 1306 2096 
3 2126 933 807 2101 
3 1688 420 558 2102 
3 1926 353 533 2103 
3 1607 1606 395 2104 
3 1144 213 2097 2107 
3 915 265 267 2108 
3 1943 1345 1136 2110 
3 701 392 1220 2111 
3 1052 1054 1127 2112 
3 1127 2310 1176 2113 
3 633 635 1402 2114 
3 2311 2312 2004 2115 
3 92 94 1532 2118 
3 779 1774 1433 2119 
3 715 1328 716 2120 
3 2314 539 1794 2121 
3 2290 1663 2094 2122 
3 2119 2205 602 2123 
3 1680 1348 1177 2125 
3 2218 1853 1778 2126 
3 2250 1904 988 2127 
3 1929 87 977 2130 
3 880 124 443 2132 
3 2312 1 0 2133 
3 911 2024 605 2134 
3 2258 2315 1901 2136 
3 1901 2069 1211 2137 
3 1419 1602 1298 2138 
3 1208 1210 2012 2141 
3 743 1589 1218 2144 
3 1167 1272 1306 2147 
3 2320 1337 1198 2148 
3 2207 89 926 2149 
3 825 2293 1955 2151 
3 1942 251 250 2153 
3 2017 849 958 2154 
3 782 1150 987 2155 
3 549 673 2079 2156 
3 663 2227 2226 2157 
3 1014 2219 1015 2158 
3 44 538 2321 2159 
3 1181 1093 2218 2160 
3 608 610 2292 2161 
3 2324 2325 2242 2163 
3 366 746 398 2164 
3 2155 2143 2156 2166 
3 2201 1568 1567 2168 
3 1565 1564 1479 2169 
3 1565 1324 1951 2170 
3 1509 2134 1335 2172 
3 1807 2220 709 2173 
3 429 989 2289 2175 
3 197 2031 2032 2176 
3 828 2326 255 2177 
3 1640 2327 243 2179 
3 2255 474 555 2180 
3 484 1129 1128 2181 
3 983 985 1140 2183 
3 1898 634 1761 2186 
3 125 127 1320 2187 
3 2324 2027 2325 2188 
3 1975 2329 1911 2190 
3 21 337 22 2191 
3 1927 1167 2141 2192 
3 1319 127 2086 2194 
3 1319 2165 125 2195 
3 2314 1794 1941 2196 
3 1248 394 396 2197 
3 556 662 557 2198 
3 397 367 398 2199 
3 486 485 1418 2204 
3 1015 1924 1016 2206 
3 545 864 140 2208 
3 1136 1346 362 2212 
3 1668 1376 1011 2214 
3 212 1360 2136 2216 
3 749 2045 2046 2218 
3 987 1273 508 2219 
3 1135 1134 1806 2221 
3 1893 1186 1188 2223 
3 1760 2042 1492 2224 
3 15 1759 1067 2225 
3 1960 921 2341 2227 
3 2016 1558 1709 2231 
3 1029 1738 1030 2232 
3 2140 1586 933 2234 
3 771 1094 1093 2236 
3 1635 1978 1959 2238 
3 1020 1771 138 2240 
3 1698 1760 1699 2241 
3 365 822 2345 2242 
3 2256 2346 1487 2243 
3 1381 2072 1382 2246 
3 1523 1435 2095 2247 
3 1722 1523 1522 2248 
3 2080 951 437 2249 
3 337 1679 1475 2250 
3 694 1578 1633 2254 
3 846 848 931 2256 
3 1607 395 792 2257 
3 533 451 386 2258 
3 401 1935 855 2260 
3 2255 492 491 2261 
3 827 385 828 2262 
3 2125 953 2028 2263 
3 1594 1945 711 2269 
3 7 114 8 2270 
3 142 858 1082 2271 
3 2329 266 2106 2272 
3 1568 2083 17 2273 
3 2130 1282 1772 2274 
3 1551 1460 1484 2275 
3 1584 822 1585 2276 
3 1221 2239 392 2278 
3 1954 206 205 2280 
3 140 865 141 2282 
3 468 1947 1946 2283 
3 779 1729 1749 2284 
3 779 1487 2346 2285 
3 1488 939 938 2286 
3 823 1977 1231 2288 
3 1845 2320 268 2290 
3 1142 704 2183 2291 
3 2294 1569 1955 2293 
3 704 907 2183 2294 
3 882 85 347 2296 
3 1870 2288 2262 2297 
3 2327 727 243 2298 
3 1202 1580 266 2300 
3 2068 2077 2076 2301 
3 622 1476 623 2302 
3 1854 220 219 2303 
3 1786 2209 1787 2305 
3 1985 2039 1990 2306 
3 470 1659 1580 2307 
3 2013 947 196 2310 
3 1055 819 1519 2311 
3 1688 2236 1689 2315 
3 549 952 673 2318 
3 779 1749 2125 2319 
3 952 1251 673 2322 
3 1665 1175 2124 2323 
3 2255 491 474 2329 
3 556 2371 662 2332 
3 262 264 2290 2333 
3 421 1004 1598 2334 
3 922 2132 923 2335 
3 1248 396 1606 2336 
3 1544 308 1894 2337 
3 1636 1909 2238 2338 
3 2238 1883 746 2339 
3 1209 326 1210 2342 
3 2372 1956 2373 2344 
3 1705 1122 2076 2345 
3 1749 1879 1215 2346 
3 1813 182 377 2347 
3 1797 214 1200 2348 
3 1542 1412 1667 2350 
3 1285 2375 1286 2353 
3 1201 243 242 2354 
3 343 2376 1437 2355 
3 250 557 662 2356 
3 1605 1325 1196 2357 
3 2130 595 1282 2358 
3 1635 542 2002 2360 
3 1990 659 327 2361 
3 906 1058 907 2362 
3 1451 2183 907 2363 
3 805 1526 543 2364 
3 2098 1831 1728 2365 
3 1942 662 661 2366 
3 817 1057 2040 2368 
3 663 2205 2119 2370 
3 1099 1392 1880 2372 
3 1579 470 1580 2373 
3 1171 1864 606 2375 
3 176 718 297 2376 
3 882 347 578 2377 
3 45 47 212 2378 
3 663 662 2227 2379 
3 1371 663 2119 2380 
3 1668 1467 1376 2381 
3 2264 2072 23 2383 
3 1395 1083 79 2384 
3 2320 1198 380 2385 
3 1698 694 1633 2386 
3 472 2124 473 2387 
3 726 725 935 2394 
3 701 1896 702 2395 
3 1150 2206 2176 2396 
3 685 751 686 2397 
3 127 126 2185 2399 
3 639 511 510 2400 
3 443 359 562 2401 
3 1283 287 1629 2402 
3 1636 2238 1584 2403 
3 2125 2028 1487 2405 
3 2200 1948 1736 2406 
3 2132 2167 923 2407 
3 1628 2236 1448 2408 
3 2263 1884 1909 2409 
3 1912 577 1458 2411 
3 385 387 1735 2412 
3 123 991 1312 2413 
3 82 432 83 2414 
3 337 1475 2264 2417 
3 474 2371 556 2418 
3 1247 1274 1248 2419 
3 947 346 1480 2420 
3 356 689 357 2421 
3 836 2141 1166 2422 
3 2206 476 2176 2425 
3 823 1954 1977 2429 
3 1400 1402 635 2432 
3 2288 1448 2236 2433 
3 1196 1198 1337 2434 
3 1302 28 27 2436 
3 496 1131 297 2438 
3 1640 243 809 2439 
3 1909 1883 2238 2442 
3 1898 1979 1493 2444 
3 1774 2346 2256 2445 
3 80 1125 1449 2446 
3 1598 1599 2207 2448 
3 1828 242 1958 2449 
3 1284 1286 376 2450 
3 1450 11 10 2452 
3 234 1238 1735 2455 
3 1105 2013 1301 2456 
3 915 916 729 2458 
3 762 207 206 2459 
3 2311 1988 2312 2461 
3 2094 1435 1434 2462 
3 70 346 85 2463 
3 1565 1479 1478 2464 
3 1479 1149 633 2465 
3 1698 1700 104 2466 
3 1699 539 1700 2467 
3 1492 1493 1979 2468 
3 2231 1738 1088 2469 
3 289 1514 399 2470 
3 1826 1071 1199 2472 
3 1892 2228 353 2473 
3 687 1701 169 2474 
3 1486 579 578 2475 
3 595 1283 1282 2477 
3 429 2289 430 2478 
3 36 323 25 2480 
3 1681 2394 1520 2482 
3 724 726 1168 2484 
3 779 781 1729 2486 
3 1594 1106 1929 2487 
3 2025 1984 1399 2488 
3 2025 1307 1949 2489 
3 1195 1123 1125 2490 
3 1506 1451 1507 2493 
3 1416 1072 397 2495 
3 1560 541 547 2496 
3 1927 1266 1167 2499 
3 356 438 1001 2500 
3 225 785 441 2504 
3 1846 1608 2099 2506 
3 1521 1523 1663 2507 
3 1136 362 1423 2510 
3 2165 1552 1591 2512 
3 1367 457 1368 2513 
3 269 873 1683 2514 
3 1825 939 138 2516 
3 112 2321 538 2517 
3 349 145 1546 2518 
3 1395 81 1064 2519 
3 140 1082 1081 2520 
3 492 832 1310 2521 
3 2082 1580 1659 2522 
3 1659 1658 102 2523 
3 1470 1333 1359 2524 
3 545 1081 756 2525 
3 1381 2240 59 2528 
3 2020 47 2245 2530 
3 622 1731 1730 2531 
3 21 1601 337 2532 
3 227 1470 1666 2534 
3 608 1612 609 2538 
3 2243 1600 833 2541 
3 255 1238 797 2542 
3 255 1121 1705 2543 
3 134 136 1905 2545 
3 952 953 1251 2547 
3 1105 1301 1300 2548 
3 1737 685 684 2550 
3 1796 771 770 2551 
3 1476 1382 2072 2554 
3 1696 2177 2060 2556 
3 1592 1591 1029 2557 
3 1564 1147 1149 2559 
3 961 1038 1040 2560 
3 385 2326 828 2561 
3 1394 465 17 2564 
3 1855 103 1940 2565 
3 2011 1088 1738 2566 
3 441 785 173 2567 
3 736 218 217 2569 
3 134 657 1103 2570 
3 977 976 1868 2572 
3 824 1132 496 2573 
3 2311 17 2083 2574 
3 1457 1458 2028 2577 
3 1687 1498 1908 2578 
3 180 234 1735 2581 
3 126 263 2185 2582 
3 468 470 1947 2583 
3 1633 135 2042 2584 
3 57 136 135 2585 
3 930 932 274 2588 
3 750 686 751 2589 
3 1417 883 734 2590 
3 1706 2177 1545 2594 
3 21 833 1600 2596 
3 851 850 856 2597 
3 41 92 360 2598 
3 1737 643 685 2599 
3 2011 1738 1944 2600 
3 2002 1974 1978 2601 
3 491 475 474 2603 
3 1436 1950 2003 2604 
3 2255 2243 492 2605 
3 1605 1607 1326 2607 
3 338 2029 1016 2608 
3 139 138 939 2609 
3 2126 2140 933 2610 
3 1417 734 736 2611 
3 2053 677 103 2612 
3 2069 229 1211 2613 
3 1215 674 953 2614 
3 2031 90 1886 2616 
3 2250 429 1940 2617 
3 72 1443 925 2618 
3 1411 2184 804 2619 
3 1411 596 253 2620 
3 250 252 905 2621 
3 2085 0 1941 2623 
3 1066 1943 1067 2624 
3 2068 2076 1239 2626 
3 352 377 329 2629 
3 357 689 1854 2631 
3 2032 1995 1366 2632 
3 2372 578 347 2634 
3 58 1047 715 2636 
3 352 1865 349 2638 
3 2059 1151 1232 2639 
3 1792 1699 1761 2641 
3 1580 267 266 2642 
3 1893 1785 1186 2644 
3 1748 1747 924 2645 
3 1749 953 2125 2646 
3 1901 1211 1212 2647 
3 1893 2051 2050 2649 
3 1713 1686 1666 2651 
3 104 106 694 2653 
3 2227 662 1019 2654 
3 338 1016 1924 2655 
3 12 136 57 2656 
3 2288 1328 1448 2658 
3 1144 1143 213 2661 
3 393 392 1948 2662 
3 2262 2288 2236 2663 
3 1133 1135 1814 2664 
3 1148 2004 2085 2665 
3 286 1629 287 2666 
3 641 1591 642 2667 
3 2220 983 709 2668 
3 763 1271 2027 2669 
3 1002 1001 438 2672 
3 695 106 899 2673 
3 1391 1099 1808 2674 
3 59 2240 60 2675 
3 2312 1988 1 2677 
3 1560 1454 389 2678 
3 2241 2242 2325 2680 
3 1895 219 221 2681 
3 116 11 117 2682 
3 1585 822 821 2684 
3 967 1038 963 2685 
3 873 906 1683 2687 
3 1208 2012 2422 2688 
3 1586 1763 224 2689 
3 1400 634 1898 2697 
3 1985 1130 2059 2698 
3 1279 43 33 2700 
3 2290 179 2373 2703 
3 711 713 1106 2705 
3 2205 1214 602 2706 
3 357 656 655 2707 
3 1317 1496 1098 2709 
3 687 689 1701 2710 
3 2051 1129 1288 2713 
3 471 639 1908 2714 
3 1688 558 966 2715 
3 558 422 505 2716 
3 2165 2432 1552 2717 
3 1807 2018 224 2718 
3 2099 2220 2142 2719 
3 1169 574 1124 2721 
3 975 1543 543 2722 
3 2099 2142 2026 2724 
3 45 212 1720 2725 
3 532 533 353 2726 
3 1846 1332 1334 2733 
3 2084 2083 2201 2734 
3 1433 586 780 2739 
3 2132 1583 1051 2740 
3 88 90 651 2743 
3 1665 2124 472 2745 
3 1853 514 513 2746 
3 1049 45 1050 2748 
3 678 1228 1314 2749 
3 2080 1641 715 2750 
3 2292 1912 1458 2751 
3 2327 1436 727 2752 
3 389 672 390 2753 
3 1092 1123 1195 2754 
3 1679 203 202 2755 
3 213 702 2097 2756 
3 1458 577 579 2757 
3 2140 1602 1586 2758 
3 846 1510 755 2761 
3 2086 937 1552 2763 
3 779 2346 1774 2764 
3 1130 298 297 2766 
3 676 1848 345 2767 
3 58 715 1641 2771 
3 1332 1497 1359 2772 
3 1319 125 1320 2774 
3 1441 247 249 2775 
3 949 642 1553 2777 
3 1931 2443 2444 2779 
3 922 1746 1582 2780 
3 1929 977 2219 2781 
3 2372 2373 578 2782 
3 1707 459 402 2783 
3 1366 1995 496 2784 
3 325 1993 1380 2786 
3 490 2176 476 2789 
3 2016 1379 1378 2790 
3 1142 1590 1200 2791 
3 1324 1451 1325 2793 
3 1931 1932 2443 2794 
3 1275 650 979 2795 
3 1679 202 1481 2796 
3 1679 1731 624 2797 
3 1988 1192 2 2798 
3 221 220 2242 2799 
3 346 948 347 2800 
3 1954 205 1977 2801 
3 1150 1214 2206 2803 
3 755 1562 546 2804 
3 1713 1666 1665 2807 
3 923 1780 1628 2811 
3 1942 2282 251 2812 
3 2039 2040 1990 2813 
3 726 935 986 2814 
3 594 592 2249 2817 
3 1825 138 274 2818 
3 421 1598 2207 2821 
3 1423 364 1668 2822 
3 492 833 832 2823 
3 304 2463 1367 2826 
3 1389 1545 1515 2829 
3 1127 1771 2310 2830 
3 352 349 351 2834 
3 577 882 578 2835 
3 1485 579 1486 2836 
3 337 2264 22 2837 
3 204 571 2422 2842 
3 1191 1011 1013 2843 
3 1865 444 143 2844 
3 849 851 501 2848 
3 1197 1452 1058 2850 
3 1584 2345 822 2851 
3 1379 783 507 2852 
3 1250 1065 1442 2854 
3 1518 1442 1871 2855 
3 1203 1946 1579 2858 
3 503 72 691 2859 
3 1468 1827 1469 2861 
3 1870 716 2288 2862 
3 2013 196 1301 2864 
3 1208 2422 174 2865 
3 131 401 132 2866 
3 2472 998 169 2867 
3 1215 1879 2472 2872 
3 1519 1861 1829 2873 
3 2080 437 358 2875 
3 1105 1107 2372 2876 
3 947 652 196 2878 
3 2086 2432 2087 2879 
3 222 960 1391 2882 
3 1601 338 337 2884 
3 1865 143 349 2885 
3 864 2477 133 2886 
3 416 307 417 2889 
3 688 2242 220 2890 
3 229 2478 1239 2891 
3 1089 1312 990 2893 
3 1180 1089 772 2894 
3 402 1864 1171 2895 
3 1136 16 1067 2896 
3 1974 542 1627 2897 
3 825 2081 2294 2898 
3 655 657 14 2899 
3 1519 1829 1520 2900 
3 1519 819 1861 2901 
3 2138 1909 1636 2902 
3 1300 27 86 2903 
3 1411 253 2184 2904 
3 1194 229 228 2905 
3 509 2017 958 2906 
3 1130 297 1131 2907 
3 2016 783 1379 2908 
3 2256 1486 178 2909 
3 1582 1746 2479 2911 
3 35 34 967 2912 
3 875 874 1198 2913 
3 1284 1336 1818 2915 
3 2218 230 1853 2916 
3 1457 953 769 2919 
3 2314 1941 0 2921 
3 1813 377 2480 2922 
3 424 2480 351 2923 
3 1746 1748 2479 2924 
3 296 176 297 2926 
3 610 609 644 2928 
3 905 1944 1737 2930 
3 1325 1451 1196 2933 
3 2324 168 2027 2934 
3 1737 641 643 2935 
3 1390 1516 1526 2936 
3 1107 1956 2372 2937 
3 365 2481 822 2938 
3 1147 679 1148 2939 
3 1871 1442 249 2940 
3 1054 1053 1696 2941 
3 1279 65 43 2943 
3 584 1523 1722 2944 
3 2314 0 539 2952 
3 337 203 1679 2953 
3 1590 1505 1869 2955 
3 1853 1122 514 2956 
3 1488 938 850 2957 
3 1825 274 932 2958 
3 40 329 92 2959 
3 1179 1012 1041 2960 
3 938 142 141 2961 
3 1101 835 2054 2963 
3 714 716 1870 2964 
3 2291 519 916 2965 
3 2062 1522 1795 2966 
3 518 355 519 2967 
3 1188 1544 1894 2970 
3 1488 139 939 2971 
3 1013 1012 1227 2972 
3 1091 172 502 2973 
3 1106 1930 1929 2976 
3 15 17 465 2977 
3 471 1908 1498 2978 
3 2184 1545 804 2980 
3 2120 1289 1288 2981 
3 2031 651 90 2982 
3 1313 1012 1179 2983 
3 470 469 1658 2984 
3 1297 1731 1298 2985 
3 1845 1377 2320 2987 
3 2010 2058 1721 2988 
3 1544 1334 1333 2989 
3 1083 1173 1172 2990 
3 2373 179 578 2991 
3 545 2477 864 2993 
3 701 1736 392 2994 
3 622 1383 1382 2996 
3 2443 744 2444 2997 
3 884 883 1548 2999 
3 1133 409 1134 3003 
3 2010 1721 1712 3005 
3 1248 1606 1249 3007 
3 595 594 2502 3008 
3 1846 2026 1332 3014 
3 255 797 798 3015 
3 2263 111 110 3017 
3 400 1935 401 3018 
3 2138 1636 1289 3019 
3 2001 2422 2012 3020 
3 683 2024 1494 3021 
3 548 441 2024 3022 
3 575 576 1355 3023 
3 1847 1437 1848 3025 
3 88 926 89 3027 
3 553 806 1543 3030 
3 1215 2472 742 3031 
3 1599 288 2502 3035 
3 457 282 458 3036 
3 1683 906 1684 3037 
3 2244 2139 2120 3039 
3 92 329 289 3040 
3 385 1237 2326 3041 
3 1794 539 1699 3042 
3 728 727 1617 3049 
3 945 944 1163 3051 
3 572 1164 123 3052 
3 140 142 1082 3056 
3 1390 1389 1516 3057 
3 923 1448 924 3059 
3 598 1336 599 3060 
3 1212 1174 1352 3063 
3 359 42 360 3064 
3 1933 1779 2009 3065 
3 1177 1348 1347 3066 
3 1248 1066 394 3067 
3 696 391 393 3071 
3 304 1367 747 3072 
3 2165 2087 2432 3073 
3 424 351 350 3074 
3 1071 381 237 3075 
3 1640 1950 1436 3076 
3 1557 2289 989 3078 
3 2422 175 174 3079 
3 117 1124 574 3080 
3 2207 594 2249 3081 
3 1419 1915 1602 3083 
3 443 42 359 3084 
3 1933 2009 575 3085 
3 2206 2226 476 3086 
3 935 439 1090 3087 
3 2129 552 256 3089 
3 923 2167 1780 3090 
3 1299 1602 2140 3091 
3 2062 1723 1522 3092 
3 1072 1818 1682 3094 
3 1063 1450 10 3095 
3 2258 2177 2077 3096 
3 1470 1359 1497 3097 
3 2190 1527 1246 3098 
3 2263 110 723 3099 
3 1347 1037 1036 3100 
3 537 1884 723 3101 
3 1664 1666 1497 3102 
3 1416 1818 1072 3103 
3 113 2182 2181 3107 
3 1105 1300 1106 3108 
3 1020 2310 1771 3110 
3 1213 602 1214 3113 
3 2276 1542 1667 3116 
3 652 651 197 3117 
3 1605 1326 1325 3120 
3 137 139 218 3121 
3 517 2291 2070 3122 
3 572 123 1787 3124 
3 424 350 425 3125 
3 1189 1669 1190 3126 
3 1989 423 425 3127 
3 1051 1987 2167 3128 
3 2294 1886 592 3129 
3 2292 1458 769 3130 
3 1263 1871 821 3131 
3 1092 228 230 3132 
3 437 1002 438 3136 
3 1172 1174 1849 3138 
3 2290 2094 1434 3141 
3 1898 1493 2071 3142 
3 2276 1360 1542 3144 
3 2219 1868 1015 3146 
3 2375 377 1286 3149 
3 380 1198 874 3150 
3 1168 726 406 3151 
3 15 1067 16 3152 
3 441 605 2024 3155 
3 1058 1452 907 3156 
3 2244 484 2138 3157 
3 1319 2087 2165 3158 
3 2243 2029 1600 3160 
3 1317 1497 1496 3161 
3 394 1759 395 3163 
3 424 885 1813 3167 
3 2294 2081 497 3168 
3 352 351 377 3169 
3 2444 744 439 3170 
3 1172 1194 80 3171 
3 1685 1466 1455 3172 
3 1508 1682 1818 3173 
3 552 1667 553 3175 
3 1053 1697 1696 3179 
3 1895 1831 2098 3180 
3 2250 1940 677 3181 
3 21 23 832 3182 
3 1720 2136 1721 3183 
3 1822 1855 1335 3184 
3 1194 228 1195 3185 
3 905 2011 1944 3186 
3 1083 1172 79 3189 
3 2009 513 512 3191 
3 80 1449 81 3192 
3 1366 718 717 3196 
3 1544 1187 1334 3197 
3 1475 1476 2072 3198 
3 2263 486 111 3200 
3 2004 2312 0 3201 
3 2081 495 497 3203 
3 681 17 2311 3204 
3 437 951 646 3207 
3 430 2289 1292 3210 
3 1682 431 1446 3212 
3 65 94 1321 3215 
3 1580 2070 267 3216 
3 92 289 93 3218 
3 1167 1166 2141 3219 
3 1975 266 2329 3220 
3 1215 742 1216 3223 
3 196 198 1302 3224 
3 634 1793 1792 3226 
3 2290 1434 2256 3227 
3 253 1706 2184 3228 
3 713 1107 1106 3229 
3 1658 2053 2052 3230 
3 1605 1070 1606 3231 
3 517 1957 518 3234 
3 532 353 600 3235 
3 898 899 1976 3239 
3 793 2223 1147 3240 
3 485 1494 1385 3241 
3 1366 496 718 3242 
3 1518 1264 1250 3244 
3 1827 2126 1828 3245 
3 2263 1909 486 3246 
3 1519 884 1548 3248 
3 714 692 951 3250 
3 1582 1049 1583 3252 
3 437 645 1002 3253 
3 770 439 935 3254 
3 262 2290 2373 3255 
3 1203 1579 1204 3256 
3 1059 700 1031 3257 
3 1989 145 573 3258 
3 2479 1748 57 3259 
3 905 252 2011 3260 
3 1496 1332 1996 3262 
3 1679 624 623 3264 
3 40 445 328 3266 
3 275 138 1126 3267 
3 1416 2375 1285 3269 
3 1105 2372 347 3270 
3 2135 2479 2329 3271 
3 1470 1497 1666 3272 
3 701 1220 1896 3273 
3 1470 1544 1333 3274 
3 1680 1764 735 3280 
3 1481 1298 1731 3281 
3 680 465 1394 3282 
3 2223 680 679 3283 
3 834 2054 835 3284 
3 1202 899 1203 3285 
3 356 1000 2079 3287 
3 406 986 407 3288 
3 1895 221 1831 3289 
3 552 1721 2276 3290 
3 1569 592 594 3293 
3 584 1722 585 3295 
3 643 642 949 3297 
3 2376 1848 1437 3298 
3 2463 457 1367 3300 
3 264 1663 2290 3302 
3 1792 1794 1699 3306 
3 1168 406 574 3308 
3 146 282 147 3309 
3 2086 1552 2432 3310 
3 1902 1658 469 3314 
3 443 124 444 3315 
3 1626 818 1084 3317 
3 142 939 932 3318 
3 1321 746 1883 3319 
3 2155 334 2143 3321 
3 1467 1958 1376 3323 
3 1221 392 1103 3327 
3 1177 1347 1036 3328 
3 343 1848 2376 3329 
3 1786 1311 1089 3330 
3 1698 104 694 3331 
3 1989 573 2209 3332 
3 490 475 491 3333 
3 756 1081 847 3334 
3 875 1197 1058 3335 
3 609 645 644 3340 
3 420 422 558 3343 
3 1219 1589 675 3344 
3 343 345 1848 3345 
3 552 2276 1667 3349 
3 1127 1126 1771 3351 
3 492 2243 833 3353 
3 61 2131 492 3357 
3 1221 1103 657 3358 
3 213 215 702 3360 
3 2241 631 1728 3362 
3 7 748 2182 3365 
3 1170 1935 400 3368 
3 1021 736 735 3369 
3 553 1412 806 3370 
3 945 1163 1175 3371 
3 729 2106 265 3372 
3 1605 1196 1070 3374 
3 1059 360 1531 3375 
3 70 72 925 3378 
3 1663 1523 2095 3380 
3 1052 1127 1176 3382 
3 1393 28 590 3383 
3 1538 1468 1547 3384 
3 1950 1461 2003 3389 
3 640 172 171 3391 
3 1640 1436 2327 3393 
3 326 1986 1990 3396 
3 975 553 1543 3398 
3 1780 2167 1987 3399 
3 1960 2341 181 3400 
3 1013 1226 800 3401 
3 1984 659 658 3404 
3 1698 1633 1760 3405 
3 133 856 865 3406 
3 1367 748 747 3407 
3 2315 2077 2068 3409 
3 1870 2262 504 3410 
3 1203 899 105 3412 
3 506 508 1273 3413 
3 168 687 169 3414 
3 1460 985 1250 3415 
3 1189 1668 1669 3416 
3 2258 1901 2060 3417 
3 2250 677 1904 3419 
3 1516 1145 1526 3420 
3 713 1956 1107 3421 
3 1893 416 1129 3423 
3 1707 457 459 3425 
3 1829 1349 1348 3426 
3 65 1532 94 3427 
3 684 686 557 3428 
3 1949 1380 1993 3429 
3 1371 2119 2096 3430 
3 1680 1681 1348 3435 
3 289 399 290 3437 
3 1307 1880 1949 3438 
3 846 755 756 3440 
3 792 395 464 3441 
3 1313 1179 728 3444 
3 705 2143 706 3446 
3 1902 1228 2053 3447 
3 1297 1299 1827 3448 
3 80 1195 1125 3450 
3 1584 365 2345 3454 
3 2015 2054 834 3456 
3 1594 2045 1945 3457 
3 1582 2479 2135 3461 
3 1797 1736 703 3463 
3 177 2290 2256 3465 
3 1706 2078 2177 3466 
3 1130 1132 2059 3467 
3 938 141 850 3468 
3 2182 748 1368 3471 
3 977 1868 2219 3472 
3 234 797 1238 3473 
3 1263 820 890 3475 
3 1635 543 542 3476 
3 1015 1868 1924 3478 
3 247 2051 248 3479 
3 1616 1177 1036 3481 
3 639 640 1908 3482 
3 517 2070 2082 3484 
3 590 2032 1366 3486 
3 783 508 507 3487 
3 1687 1713 1498 3488 
3 804 806 1412 3489 
3 2069 2478 229 3490 
3 416 418 1128 3491 
3 804 1390 805 3492 
3 1869 1948 2200 3493 
3 1687 1908 784 3498 
3 1705 2076 2078 3499 
3 1764 1176 2310 3500 
3 1352 1173 1126 3502 
3 197 651 2031 3503 
3 385 533 386 3504 
3 784 171 173 3506 
3 359 361 562 3507 
3 555 2030 2029 3508 
3 1985 298 1130 3509 
3 2320 380 268 3510 
3 724 1092 1094 3514 
3 192 57 1748 3517 
3 1829 1681 1520 3518 
3 1441 1442 1593 3519 
3 734 1681 735 3520 
3 1722 1522 1723 3521 
3 356 1001 1000 3522 
3 1092 230 2218 3524 
3 1092 1195 228 3525 
3 365 367 2481 3526 
3 1508 1818 2134 3527 
3 1292 2289 1556 3530 
3 1564 1566 1147 3531 
3 996 1056 1055 3533 
3 12 1905 136 3534 
3 1636 1584 1287 3535 
3 922 1747 1746 3536 
3 1682 1446 1073 3538 
3 673 675 2079 3539 
3 1893 2050 1785 3541 
3 1019 662 2371 3542 
3 2094 2095 1435 3546 
3 325 1915 1634 3547 
3 1170 851 1935 3549 
3 827 1926 385 3550 
3 1180 772 771 3551 
3 2135 2329 2106 3552 
3 549 1002 550 3554 
3 2156 2098 1727 3555 
3 1181 1933 575 3556 
3 336 632 2027 3557 
3 763 1306 1271 3558 
3 699 35 967 3562 
3 2244 2120 484 3563 
3 2069 2068 2478 3564 
3 1945 950 711 3565 
3 1105 347 2013 3567 
3 1828 1201 242 3569 
3 1601 1600 2029 3570 
3 424 1813 2480 3572 
3 351 2480 377 3573 
3 2177 2078 2077 3575 
3 2191 1898 2071 3577 
3 681 2311 2004 3578 
3 1827 2140 2126 3579 
3 728 1617 1437 3580 
3 1013 1227 1226 3581 
3 304 147 2463 3582 
3 204 2422 2001 3584 
3 255 2326 1237 3585 
3 431 430 1446 3586 
3 663 2226 2205 3587 
3 1989 425 145 3588 
3 2026 1808 1996 3590 
3 759 60 2240 3592 
3 2025 1993 1984 3593 
3 471 216 511 3594 
3 247 2014 2050 3595 
3 490 2131 2176 3597 
3 734 2394 1681 3599 
3 484 2120 1129 3602 
3 949 1553 712 3603 
3 1317 1098 1100 3604 
3 875 1198 1197 3606 
3 1861 819 818 3607 
3 1020 138 137 3608 
3 561 278 650 3609 
3 1165 1517 1166 3610 
3 1586 934 933 3611 
3 555 1014 2030 3612 
3 70 1480 346 3613 
3 1365 1366 717 3615 
3 849 501 958 3616 
3 799 1193 800 3618 
3 2012 1420 1406 3621 
3 1135 1723 1814 3622 
3 1688 2262 2236 3624 
3 997 999 1517 3625 
3 2015 1806 1134 3626 
3 988 345 989 3627 
3 2324 687 168 3628 
3 675 1589 2079 3629 
3 1393 29 28 3631 
3 1317 1664 1497 3632 
3 2241 632 631 3637 
3 550 953 551 3638 
3 1927 1265 1266 3639 
3 1249 1606 1070 3640 
3 1510 1064 1063 3641 
3 474 1019 2371 3643 
3 825 2294 2293 3644 
3 1879 998 2472 3645 
3 24 590 1366 3646 
3 262 1956 263 3647 
3 729 916 1456 3648 
3 1634 1420 1210 3649 
3 793 680 2223 3650 
3 749 2046 1014 3651 
3 622 1538 1345 3652 
3 1047 1328 715 3654 
3 2375 329 377 3656 
3 2320 1377 1337 3657 
3 1861 2190 1246 3658 
3 1449 1125 1124 3659 
3 1217 1123 1092 3661 
3 734 884 2394 3662 
3 1123 1169 1124 3663 
3 234 233 797 3664 
3 2329 57 1911 3666 
3 1069 1249 1070 3668 
3 677 1940 103 3669 
3 545 756 546 3670 
3 2294 592 1569 3674 
3 2086 2185 937 3675 
3 227 1666 1686 3676 
3 595 287 1283 3679 
3 1135 585 1723 3681 
3 291 2135 729 3683 
3 345 1557 989 3684 
3 820 822 2481 3685 
3 397 820 2481 3686 
3 397 1073 889 3687 
3 1014 1016 2030 3688 
3 622 1382 1476 3689 
3 823 1231 1151 3691 
3 1170 1171 861 3692 
3 1460 890 1556 3694 
3 1705 1121 1122 3696 
3 880 443 562 3698 
3 12 58 1641 3704 
3 710 131 547 3707 
3 291 1049 2135 3708 
3 401 855 132 3709 
3 397 399 1514 3710 
3 591 604 459 3711 
3 1601 2029 338 3713 
3 131 133 2477 3717 
3 1171 606 862 3720 
3 397 2481 367 3722 
3 1516 1035 1145 3723 
3 1987 1283 1629 3724 
3 608 2292 769 3726 
3 997 1517 1165 3727 
3 545 547 2477 3729 
3 101 103 1855 3730 
3 205 1959 1978 3731 
3 1133 1814 409 3732 
3 2231 1549 1555 3734 
3 485 683 1494 3735 
3 2016 1559 1558 3736 
3 627 1559 1378 3739 
3 691 72 71 3740 
3 755 1510 10 3741 
3 755 10 9 3742 
3 219 1896 1220 3743 
3 205 1978 1977 3744 
3 577 691 882 3745 
3 117 11 1450 3746 
3 1186 1784 1187 3747 
3 429 431 1940 3748 
3 1186 1785 1784 3750 
3 262 2373 1956 3751 
3 1579 1947 470 3752 
3 1985 1990 1986 3754 
3 304 747 1003 3761 
3 850 141 865 3762 
3 2325 2027 632 3764 
3 591 458 282 3767 
3 323 571 460 3771 
3 1021 218 736 3774 
3 687 2242 688 3775 
3 517 519 2291 3776 
3 591 911 604 3777 
3 591 281 1384 3778 
3 416 1894 308 3779 
3 1213 782 1709 3782 
3 1708 943 945 3784 
3 943 1399 944 3785 
3 784 640 171 3788 
3 1814 1723 2062 3789 
3 1508 2134 1509 3790 
3 1020 735 2310 3791 
3 2472 169 742 3792 
3 1931 1090 1089 3793 
3 2009 1779 513 3795 
3 1401 1948 1869 3796 
3 1590 1869 1797 3797 
3 1059 699 700 3801 
3 884 1520 2394 3802 
3 1806 780 586 3804 
3 1212 1353 1561 3806 
3 2375 1514 289 3808 
3 197 2032 198 3809 
3 1760 1633 2042 3810 
3 658 1161 944 3811 
3 1417 217 473 3814 
3 2205 2226 2206 3816 
3 805 1543 806 3817 
3 1506 2183 1451 3819 
3 1492 135 134 3820 
3 1480 88 652 3821 
3 2294 497 1886 3822 
3 1590 1506 1505 3823 
3 2605 576 1989 3827 
3 408 1199 118 3830 
3 2276 2136 1360 3831 
3 1297 622 1730 3834 
3 269 839 270 3838 
3 2039 1232 817 3845 
3 593 1772 207 3846 
3 834 1637 780 3851 
3 2080 715 714 3852 
3 2443 1932 990 3854 
3 44 2321 1039 3855 
3 1480 925 88 3856 
3 2156 705 2098 3858 
3 2241 1831 1830 3859 
3 749 1014 555 3861 
3 672 1454 237 3862 
3 694 57 1578 3863 
3 1054 2060 1561 3864 
3 2241 2325 632 3865 
3 1352 1126 1353 3866 
3 825 824 495 3867 
3 1481 202 1407 3870 
3 1763 965 224 3871 
3 215 214 1797 3873 
3 1679 1481 1731 3876 
3 394 1067 1759 3877 
3 58 192 1047 3879 
3 2315 2068 1901 3880 
3 1719 1721 2058 3881 
3 1028 564 967 3882 
3 2138 484 486 3883 
3 2220 984 983 3885 
3 1416 1514 2375 3886 
3 595 2502 288 3887 
3 400 402 1171 3888 
3 1395 1064 931 3889 
3 496 1132 1131 3890 
3 674 1251 953 3895 
3 1637 1166 781 3896 
3 725 1094 1796 3898 
3 325 327 1984 3901 
3 376 2341 921 3902 
3 2040 1057 1056 3903 
3 795 836 835 3904 
3 1272 1271 1306 3906 
3 1292 1556 890 3907 
3 495 824 496 3909 
3 793 464 680 3911 
3 1760 1492 1979 3912 
3 2311 2083 1988 3914 
3 547 546 1562 3915 
3 376 181 2341 3916 
3 2015 409 411 3917 
3 116 118 237 3922 
3 1996 1808 1099 3923 
3 177 2256 178 3926 
3 1929 2219 2046 3928 
3 709 708 2018 3929 
3 1548 473 1162 3930 
3 385 1926 533 3931 
3 2478 2068 1239 3932 
3 1749 999 998 3933 
3 694 695 57 3934 
3 1584 366 365 3935 
3 1893 1129 2051 3940 
3 724 1094 725 3941 
3 858 857 848 3942 
3 1137 1423 1567 3943 
3 1399 1984 658 3945 
3 104 468 1946 3946 
3 1712 1721 2129 3947 
3 2231 1555 1521 3948 
3 834 836 1166 3949 
3 2059 1132 1151 3950 
3 2016 1378 1559 3952 
3 1830 221 2242 3953 
3 222 1391 1808 3955 
3 532 599 451 3956 
3 1729 999 1749 3958 
3 599 1336 920 3959 
3 2463 147 282 3960 
3 2155 335 334 3962 
3 1376 1958 1041 3963 
3 1219 675 674 3964 
3 334 1272 1266 3966 
3 997 1156 998 3967 
3 1172 1849 1211 3969 
3 421 2207 926 3970 
3 2324 2242 687 3971 
3 385 1735 1237 3972 
3 2053 1228 677 3974 
3 425 1546 145 3975 
3 1418 1385 1384 3977 
3 1599 2502 594 3978 
3 2231 1521 1030 3980 
3 537 723 538 3981 
3 1317 945 1664 3984 
3 763 170 1306 3985 
3 1365 717 175 3986 
3 1847 728 1437 3992 
3 1156 170 169 3993 
3 834 1166 1637 3994 
3 114 113 131 3995 
3 2422 571 175 3996 
3 1951 792 793 3998 
3 937 2185 263 3999 
3 1995 1886 497 4000 
3 1091 502 861 4003 
3 1397 1399 943 4004 
3 1687 1686 1713 4006 
3 1509 1335 1855 4008 
3 1764 2310 735 4009 
3 1701 743 169 4011 
3 1436 1437 727 4012 
3 509 511 216 4015 
3 1584 2238 366 4016 
3 325 959 1915 4019 
3 1167 1266 1272 4021 
3 1516 1697 1035 4023 
3 1381 1383 1066 4024 
3 1975 1202 266 4025 
3 1292 890 889 4028 
3 1059 1531 1279 4033 
3 1551 344 343 4035 
3 1337 1377 1379 4036 
3 548 418 417 4038 
3 376 1286 377 4039 
3 808 708 809 4040 
3 1696 1515 2177 4042 
3 2258 2077 2315 4043 
3 1779 1778 513 4046 
3 2463 282 457 4048 
3 1943 1383 1345 4049 
3 961 963 1038 4051 
3 2139 1289 2120 4056 
3 131 2477 547 4058 
3 642 1591 1552 4059 
3 2375 289 329 4060 
3 1829 1348 1681 4062 
3 1196 1452 1197 4063 
3 2084 2201 1972 4069 
3 760 2131 61 4071 
3 696 1948 1401 4073 
3 1314 1228 1227 4074 
3 1664 1175 1665 4077 
3 575 2009 233 4079 
3 2051 1288 248 4081 
3 112 1039 2321 4082 
3 2329 2479 57 4083 
3 697 1401 1400 4085 
3 205 207 82 4087 
3 1231 1974 1084 4088 
3 1901 1561 2060 4090 
3 2050 2014 1785 4092 
3 268 270 625 4093 
3 1441 1593 1785 4094 
3 1990 1056 660 4096 
3 2010 1711 1772 4097 
3 364 1467 1668 4099 
3 1551 1484 344 4103 
3 1423 362 364 4104 
3 1090 2676 2444 4105 
3 354 353 2228 4111 
3 548 683 682 4112 
3 682 418 548 4113 
3 1747 922 924 4114 
3 230 1239 2076 4117 
3 1853 2076 1122 4118 
3 2096 602 1773 4120 
3 1773 601 2096 4121 
3 634 1149 2085 4141 
3 2085 1941 1793 4142 
3 1793 634 2085 4143 
3 291 730 2019 4144 
3 46 291 2019 4145 
3 46 2019 2245 4146 
3 46 2245 47 4147 
3 1959 82 84 4148 
3 975 1959 84 4149 
3 1931 2444 1090 4150 
3 1813 885 180 4151 
3 181 180 1735 4152 
3 1735 1960 181 4153 
3 142 931 857 4154 
3 113 2181 1707 4158 
3 2076 1853 230 4159 
3 942 628 407 4164 
3 942 407 986 4165 
3 986 935 1090 4166 
3 2676 2444 439 4173 
3 986 1090 2676 4175 
3 2605 1989 2209 4177 
3 1786 1180 576 4178 
3 2605 2209 1786 4179 
3 576 2605 1786 4180 
