3 73 74 75 319 
3 73 2465 74 320 
3 3535 73 75 321 
3 73 2745 2465 322 
3 2744 2745 73 323 
3 3535 2744 73 324 
3 75 74 3497 325 
3 74 2465 2746 326 
3 74 2746 2747 327 
3 3497 74 2747 328 
3 2742 75 2743 329 
3 2742 3535 75 330 
3 2743 75 3497 331 
3 119 120 121 507 
3 119 3513 120 508 
3 121 3585 119 509 
3 2043 119 2044 510 
3 119 2043 3511 511 
3 2044 119 3044 512 
3 3585 3044 119 513 
3 3513 119 3511 514 
3 120 2750 121 515 
3 2750 120 2751 516 
3 2751 120 3513 517 
3 2748 2749 121 518 
3 2748 121 2750 519 
3 3585 121 2749 520 
3 165 166 167 719 
3 166 165 2688 720 
3 165 167 2755 721 
3 165 2686 2688 722 
3 165 2755 2686 723 
3 3676 167 166 724 
3 2688 2606 166 725 
3 2606 3676 166 726 
3 167 3875 2755 727 
3 186 187 188 807 
3 2760 187 186 808 
3 188 2759 186 809 
3 2759 2760 186 810 
3 3876 188 187 811 
3 2611 187 2612 812 
3 3224 187 2611 813 
3 2612 187 3313 814 
3 187 2760 3313 815 
3 187 3224 3876 816 
3 2759 188 2761 817 
3 2761 188 2762 818 
3 188 3876 2762 819 
3 3583 193 195 838 
3 3583 2409 193 840 
3 2301 195 2302 846 
3 3311 195 2301 847 
3 3311 3583 195 848 
3 244 245 246 1058 
3 245 244 3660 1059 
3 244 246 2769 1060 
3 244 2733 2735 1061 
3 244 3662 2733 1062 
3 244 2735 3660 1063 
3 2769 2768 244 1064 
3 3662 244 2768 1065 
3 246 245 2772 1066 
3 245 3680 2772 1067 
3 245 3660 3661 1068 
3 245 3661 3664 1069 
3 3678 245 3664 1070 
3 3680 245 3678 1071 
3 312 313 314 1331 
3 312 3683 313 1332 
3 3681 312 314 1333 
3 2775 2777 312 1334 
3 3681 2775 312 1335 
3 312 2777 3682 1336 
3 312 3682 3683 1337 
3 314 313 3684 1338 
3 313 2778 2779 1339 
3 313 3683 2778 1340 
3 313 2779 3623 1341 
3 3684 313 3623 1342 
3 2773 314 2774 1343 
3 2773 3681 314 1344 
3 2774 314 3684 1345 
3 373 374 375 1568 
3 373 3686 374 1569 
3 3685 373 375 1570 
3 2782 2783 373 1571 
3 3685 2782 373 1572 
3 373 2783 3686 1573 
3 375 374 3162 1574 
3 374 2784 2785 1575 
3 374 3686 2784 1576 
3 3162 374 2785 1577 
3 2780 375 2781 1578 
3 2780 3685 375 1579 
3 2781 375 3162 1580 
3 382 383 384 1596 
3 382 3687 383 1597 
3 3686 382 384 1598 
3 2783 2787 382 1599 
3 3686 2783 382 1600 
3 382 2787 3687 1601 
3 384 383 3688 1602 
3 383 2788 2789 1603 
3 383 3687 2788 1604 
3 3688 383 2789 1605 
3 2784 384 2786 1606 
3 2784 3686 384 1607 
3 2786 384 3688 1608 
3 461 462 463 1861 
3 461 2792 462 1862 
3 3689 461 463 1863 
3 2792 461 2793 1864 
3 2793 461 3884 1865 
3 3689 3884 461 1866 
3 463 462 2790 1867 
3 2790 462 2795 1868 
3 462 2792 2794 1869 
3 462 2794 2795 1870 
3 2790 2791 463 1871 
3 3396 463 2791 1872 
3 463 3396 3689 1873 
3 2798 1767 565 2189 
3 565 1767 2799 2190 
3 587 588 589 2260 
3 587 2634 588 2261 
3 3201 587 589 2262 
3 2634 587 2635 2263 
3 3572 2635 587 2264 
3 587 3201 3571 2265 
3 587 3571 3572 2266 
3 589 588 3691 2267 
3 2802 588 2634 2268 
3 2801 588 2802 2269 
3 2801 2803 588 2270 
3 2803 3691 588 2271 
3 1851 3113 589 2272 
3 3691 1851 589 2273 
3 589 3113 3201 2274 
3 664 665 666 2485 
3 664 2037 665 2486 
3 2807 664 666 2487 
3 2808 2037 664 2488 
3 2807 2808 664 2489 
3 666 665 2809 2490 
3 665 2037 2810 2491 
3 2809 665 2810 2492 
3 2805 666 2806 2493 
3 2805 2807 666 2494 
3 2806 666 2809 2495 
3 829 830 831 2944 
3 829 2815 830 2945 
3 831 2868 829 2946 
3 829 2253 2254 2947 
3 2868 2253 829 2948 
3 829 2254 2813 2949 
3 2815 829 2813 2950 
3 831 830 2811 2951 
3 1432 1431 830 2952 
3 2962 830 1431 2953 
3 1432 830 2815 2954 
3 2818 2811 830 2955 
3 2962 2818 830 2956 
3 2811 2812 831 2957 
3 2868 831 2812 2958 
3 852 853 854 3015 
3 852 3694 853 3016 
3 852 854 3693 3017 
3 2822 2823 852 3018 
3 3692 2822 852 3019 
3 2823 3397 852 3020 
3 852 3397 3694 3021 
3 3692 852 3693 3022 
3 854 853 3695 3023 
3 853 2824 2825 3024 
3 853 3789 2824 3025 
3 3888 853 2825 3026 
3 3694 3789 853 3027 
3 3695 853 3888 3028 
3 3693 854 3695 3029 
3 866 867 868 3032 
3 867 866 2826 3033 
3 2832 866 868 3034 
3 866 2121 2122 3035 
3 866 3195 2121 3036 
3 2122 3194 866 3037 
3 3083 2826 866 3038 
3 866 2832 3195 3039 
3 3083 866 3194 3040 
3 868 867 2831 3041 
3 2826 2827 867 3042 
3 2827 2831 867 3043 
3 868 2831 2832 3044 
3 878 877 2837 3060 
3 877 2567 2838 3061 
3 2837 877 2838 3062 
3 2833 878 2837 3064 
3 895 896 897 3102 
3 2793 896 895 3103 
3 897 2792 895 3104 
3 2792 2793 895 3105 
3 3301 897 896 3106 
3 2458 896 2459 3107 
3 3235 896 2458 3108 
3 3884 2459 896 3109 
3 896 2793 3884 3110 
3 896 3235 3301 3111 
3 2792 897 2841 3112 
3 2841 897 2842 3113 
3 897 3301 2842 3114 
3 908 909 910 3144 
3 3583 909 908 3145 
3 2849 908 910 3146 
3 908 2322 2323 3147 
3 908 3644 2322 3148 
3 2323 2409 908 3149 
3 3583 908 2409 3150 
3 908 2849 3644 3151 
3 910 909 2848 3152 
3 2843 2844 909 3153 
3 909 3583 2843 3154 
3 2844 2848 909 3155 
3 910 2848 2849 3156 
3 917 918 919 3164 
3 917 2850 918 3165 
3 917 919 2853 3166 
3 2721 2714 917 3167 
3 917 2714 2850 3168 
3 2721 917 2853 3169 
3 919 918 2852 3170 
3 918 2850 2851 3171 
3 2851 2852 918 3172 
3 919 2852 2853 3173 
3 969 970 971 3264 
3 969 3696 970 3265 
3 3688 969 971 3266 
3 2789 2855 969 3267 
3 3688 2789 969 3268 
3 969 2855 3696 3269 
3 971 970 3561 3270 
3 970 2856 2857 3271 
3 970 3696 2856 3272 
3 3561 970 2857 3273 
3 2786 971 2854 3274 
3 2786 3688 971 3275 
3 2854 971 3561 3276 
3 972 973 974 3277 
3 972 3698 973 3278 
3 3697 972 974 3279 
3 972 3112 1850 3280 
3 3698 972 1850 3281 
3 972 3697 3112 3282 
3 974 973 3699 3283 
3 2858 973 2859 3284 
3 2858 2860 973 3285 
3 2859 973 3698 3286 
3 3699 973 2860 3287 
3 3355 974 2473 3288 
3 2473 974 3803 3289 
3 3355 3697 974 3290 
3 974 3699 3803 3291 
3 980 981 982 3297 
3 980 2841 981 3298 
3 980 982 2863 3299 
3 980 2840 2841 3300 
3 2865 2840 980 3301 
3 3700 980 2863 3302 
3 3700 2865 980 3303 
3 982 981 3299 3304 
3 981 2841 2866 3305 
3 981 2866 2867 3306 
3 3894 981 2867 3307 
3 3299 981 3894 3308 
3 2863 982 3299 3309 
3 1018 3986 1017 3391 
3 3359 1017 2365 3392 
3 3782 2365 1017 3393 
3 1017 3892 2408 3394 
3 3359 3893 1017 3395 
3 1017 3985 3782 3396 
3 3892 1017 3893 3397 
3 3984 1017 3986 3399 
3 3372 1018 2910 3400 
3 2910 1018 3903 3401 
3 3372 3986 1018 3402 
3 1025 1026 1027 3424 
3 2872 1026 1025 3425 
3 1027 2871 1025 3426 
3 2871 2872 1025 3427 
3 3275 1027 1026 3428 
3 2674 1026 2675 3429 
3 3599 1026 2674 3430 
3 3886 2675 1026 3431 
3 1026 2872 3886 3432 
3 1026 3498 3275 3433 
3 1026 3599 3498 3434 
3 2871 1027 2873 3435 
3 2873 1027 2874 3436 
3 1027 3275 2874 3437 
3 1044 1045 1046 3474 
3 1045 1044 2878 3475 
3 1044 1046 2884 3476 
3 1044 2267 2269 3477 
3 1044 2884 2267 3478 
3 2269 3654 1044 3479 
3 3654 2878 1044 3480 
3 2879 1046 1045 3481 
3 2878 2879 1045 3482 
3 1046 2879 3701 3483 
3 1046 2883 2884 3484 
3 1046 3701 2883 3485 
3 1118 1119 1120 3633 
3 1118 2887 1119 3634 
3 2886 1118 1120 3635 
3 2886 2888 1118 3636 
3 2887 1118 2888 3637 
3 1120 1119 1756 3638 
3 1756 1119 2890 3639 
3 1119 2887 2889 3640 
3 1119 2889 2890 3641 
3 3190 1120 1756 3642 
3 2885 2886 1120 3643 
3 1120 3190 2885 3644 
3 1153 2353 1223 3711 
3 1742 1743 1153 3713 
3 2896 1742 1153 3714 
3 1743 2353 1153 3715 
3 1160 2148 1742 3732 
3 2896 1160 1742 3733 
3 1160 2898 2148 3734 
3 1654 2148 1183 3777 
3 2899 1654 1183 3778 
3 1183 2148 2898 3779 
3 2352 1223 2353 3850 
3 2352 2582 1223 3851 
3 2582 2581 1223 3853 
3 1256 1257 1258 3921 
3 1256 3708 1257 3922 
3 3707 1256 1258 3923 
3 2386 1256 3373 3924 
3 2386 3708 1256 3925 
3 3373 1256 3707 3926 
3 1258 1257 2914 3927 
3 2912 2911 1257 3928 
3 1257 2911 2915 3929 
3 3708 2912 1257 3930 
3 1257 2915 2914 3931 
3 1258 2540 2541 3932 
3 1258 2914 2540 3933 
3 3814 1258 2541 3934 
3 3707 1258 3814 3935 
3 1293 1294 1295 3987 
3 1293 1439 1294 3988 
3 2925 1293 1295 3989 
3 1439 1293 2926 3990 
3 2925 2926 1293 3991 
3 1295 1294 2927 3992 
3 3503 1294 1439 3993 
3 2927 1294 2928 3994 
3 1294 3503 2928 3995 
3 2924 2925 1295 3996 
3 1295 3890 2924 3997 
3 3890 1295 2927 3998 
3 1340 1341 1342 4067 
3 1340 3715 1341 4068 
3 3714 1340 1342 4069 
3 1340 2932 2933 4070 
3 2932 1340 3914 4071 
3 1340 2933 3543 4072 
3 1340 3543 3715 4073 
3 3714 3914 1340 4074 
3 1342 1341 2930 4075 
3 2930 1341 3716 4076 
3 1341 2934 2935 4077 
3 1341 3715 2934 4078 
3 3716 1341 2935 4079 
3 3714 1342 2930 4080 
3 1373 1374 1375 4103 
3 1373 1440 1374 4104 
3 1673 1373 1375 4105 
3 1440 1373 2964 4106 
3 1673 2938 1373 4107 
3 2938 2964 1373 4108 
3 1375 1374 2939 4109 
3 3342 1374 1440 4110 
3 2939 1374 2940 4111 
3 1374 3342 2940 4112 
3 2936 1673 1375 4113 
3 2936 1375 2937 4114 
3 2937 1375 2939 4115 
3 1386 1387 1388 4128 
3 1386 3717 1387 4129 
3 2942 1386 1388 4130 
3 2942 2943 1386 4131 
3 2943 2944 1386 4132 
3 1386 2944 3717 4133 
3 1388 1387 2534 4134 
3 2534 1387 2946 4135 
3 1387 2945 2946 4136 
3 1387 3717 2945 4137 
3 1388 2534 2941 4138 
3 2941 2942 1388 4139 
3 1408 1409 1410 4169 
3 1408 3718 1409 4170 
3 1511 1408 1410 4171 
3 1511 2948 1408 4172 
3 2948 2949 1408 4173 
3 1408 2949 3718 4174 
3 1410 1409 2711 4175 
3 2711 1409 2951 4176 
3 1409 2950 2951 4177 
3 1409 3718 2950 4178 
3 1410 3644 1511 4179 
3 2711 2947 1410 4180 
3 3644 1410 2947 4181 
3 1424 1425 1426 4193 
3 1424 3720 1425 4194 
3 1426 3921 1424 4195 
3 2957 2956 1424 4196 
3 1424 2956 3925 4197 
3 3921 2957 1424 4198 
3 1424 3925 3720 4199 
3 1425 2958 1426 4200 
3 1425 3720 2958 4201 
3 2953 1426 2958 4202 
3 2953 3719 1426 4203 
3 3921 1426 3719 4204 
3 1430 1431 1432 4210 
3 1431 1430 2961 4211 
3 2815 1430 1432 4212 
3 2400 1430 2401 4213 
3 2400 3383 1430 4214 
3 2401 1430 3384 4215 
3 1430 2815 2814 4216 
3 3384 1430 2814 4217 
3 3383 2961 1430 4218 
3 2961 2962 1431 4219 
3 1438 1439 1440 4233 
3 1438 2966 1439 4234 
3 2965 1438 1440 4235 
3 2542 1438 2543 4236 
3 2542 2987 1438 4237 
3 2543 1438 2965 4238 
3 2966 1438 2987 4239 
3 1440 1439 2926 4240 
3 2966 3503 1439 4241 
3 1440 2926 3342 4242 
3 2964 2965 1440 4243 
3 1462 2801 2802 4265 
3 1462 2802 4026 4267 
3 1500 1501 1502 4315 
3 1500 3723 1501 4316 
3 3722 1500 1502 4317 
3 2968 2969 1500 4318 
3 3722 2968 1500 4319 
3 1500 2969 3723 4320 
3 1502 1501 3685 4321 
3 1501 2970 2782 4322 
3 3685 1501 2782 4323 
3 1501 3723 2970 4324 
3 2967 1502 2780 4325 
3 2780 1502 3685 4326 
3 2967 3722 1502 4327 
3 1511 1512 1513 4340 
3 1512 1511 2849 4341 
3 1511 1513 2948 4342 
3 3644 2849 1511 4343 
3 2848 1513 1512 4344 
3 2849 2848 1512 4345 
3 1513 2848 3724 4346 
3 1513 2972 2948 4347 
3 1513 3724 2972 4348 
3 1524 3605 2637 4368 
3 1524 3073 3074 4369 
3 1524 3074 3600 4371 
3 3605 1524 3600 4372 
3 1528 1529 1530 4374 
3 1528 2975 1529 4375 
3 1530 2974 1528 4376 
3 1741 1528 1739 4377 
3 3060 1739 1528 4378 
3 1528 1741 2975 4379 
3 3059 1528 2974 4380 
3 3059 3060 1528 4381 
3 1529 2973 1530 4382 
3 2973 1529 3725 4383 
3 1529 2975 3725 4384 
3 2973 2974 1530 4385 
3 1533 1534 1535 4386 
3 1533 2887 1534 4387 
3 3726 1533 1535 4388 
3 1533 2889 2887 4389 
3 2981 2889 1533 4390 
3 3726 2981 1533 4391 
3 1535 1534 2979 4392 
3 1534 2887 2888 4393 
3 2888 2979 1534 4394 
3 2979 2980 1535 4395 
3 3361 1535 2980 4396 
3 1535 3361 3726 4397 
3 1539 1540 1541 4402 
3 1539 2986 1540 4403 
3 1541 2542 1539 4404 
3 3038 1539 2542 4405 
3 2985 2986 1539 4406 
3 3038 2985 1539 4407 
3 1541 1540 2987 4408 
3 2554 1540 2555 4409 
3 1540 2554 3503 4410 
3 2555 1540 3516 4411 
3 3516 1540 2986 4412 
3 3503 2987 1540 4413 
3 2542 1541 2987 4414 
3 1570 1571 1572 4433 
3 2988 1571 1570 4434 
3 1570 1572 2994 4435 
3 1570 1913 1914 4436 
3 1570 2994 1913 4437 
3 3009 1570 1914 4438 
3 2988 1570 3009 4439 
3 1572 1571 3727 4440 
3 2988 2989 1571 4441 
3 2989 3727 1571 4442 
3 1572 2993 2994 4443 
3 1572 3727 2993 4444 
3 1575 1576 1577 4446 
3 1575 2998 1576 4447 
3 2995 1575 1577 4448 
3 1992 2535 1575 4449 
3 2995 1992 1575 4450 
3 1575 2535 2996 4451 
3 2998 1575 2996 4452 
3 1577 1576 2999 4453 
3 2616 1576 2617 4454 
3 2616 3000 1576 4455 
3 2617 1576 2998 4456 
3 2999 1576 3000 4457 
3 2995 1577 2999 4458 
3 1595 1596 1597 4472 
3 1595 3728 1596 4473 
3 3298 1595 1597 4474 
3 3003 3004 1595 4475 
3 3298 3003 1595 4476 
3 1595 3004 3728 4477 
3 1597 1596 3729 4478 
3 1596 3005 3006 4479 
3 1596 3728 3005 4480 
3 3729 1596 3006 4481 
3 3001 1597 3002 4482 
3 3001 3298 1597 4483 
3 3002 1597 3729 4484 
3 1613 1614 1615 4500 
3 1613 3730 1614 4501 
3 1914 1613 1615 4502 
3 1914 3010 1613 4503 
3 3010 3011 1613 4504 
3 1613 3011 3927 4505 
3 1613 3927 3730 4506 
3 1615 1614 2989 4507 
3 2989 1614 2990 4508 
3 1614 3012 2990 4509 
3 1614 3730 3012 4510 
3 3009 1914 1615 4511 
3 2988 1615 2989 4512 
3 1615 2988 3009 4513 
3 1620 1621 1622 4515 
3 3013 1621 1620 4516 
3 1620 1622 3017 4517 
3 1936 1620 1937 4518 
3 1936 3013 1620 4519 
3 1937 1620 3017 4520 
3 2596 1622 1621 4521 
3 2597 2596 1621 4522 
3 2597 1621 3013 4523 
3 1622 2596 2412 4524 
3 1622 2412 3016 4525 
3 1622 3016 3017 4526 
3 1623 1624 1625 4527 
3 3020 1624 1623 4528 
3 1625 1693 1623 4529 
3 3019 1623 1693 4530 
3 3019 3020 1623 4531 
3 1625 1624 3021 4532 
3 2115 1624 2655 4533 
3 2115 3021 1624 4534 
3 1624 2654 2655 4535 
3 1624 2845 2654 4536 
3 2845 1624 2846 4537 
3 1624 3020 2846 4538 
3 1693 1625 3021 4539 
3 1630 1631 1632 4544 
3 3918 1631 1630 4545 
3 1630 1632 3029 4546 
3 1630 1811 1812 4547 
3 1630 3090 1811 4548 
3 1812 3088 1630 4549 
3 3090 1630 3029 4550 
3 3918 1630 3088 4551 
3 1632 1631 1653 4552 
3 2509 1653 1631 4553 
3 3022 2509 1631 4554 
3 1631 3918 3022 4555 
3 1632 1653 3024 4556 
3 3024 3029 1632 4557 
3 1649 1650 1651 4573 
3 1649 3026 1650 4574 
3 3025 1649 1651 4575 
3 1649 3025 1755 4576 
3 1649 1755 3736 4577 
3 1649 3067 3026 4578 
3 3067 1649 3736 4579 
3 1650 2942 1651 4580 
3 1650 2943 2942 4581 
3 3026 2943 1650 4582 
3 3027 1651 2942 4583 
3 1651 3873 3025 4584 
3 3873 1651 3027 4585 
3 1652 1653 1654 4586 
3 1652 3028 1653 4587 
3 2899 1652 1654 4588 
3 2357 2356 1652 4589 
3 1652 2356 3028 4590 
3 2899 2357 1652 4591 
3 1654 1653 3030 4592 
3 2509 3023 1653 4593 
3 3030 1653 3023 4594 
3 3024 1653 3028 4595 
3 1654 3203 2148 4596 
3 3203 1654 3030 4597 
3 1655 1656 1657 4598 
3 1655 3033 1656 4599 
3 1657 3433 1655 4600 
3 3032 3033 1655 4601 
3 3433 3032 1655 4602 
3 1657 1656 3034 4603 
3 2602 1656 2603 4604 
3 2602 3034 1656 4605 
3 2603 1656 3033 4606 
3 3019 1657 3020 4607 
3 3433 1657 3019 4608 
3 1657 3034 3020 4609 
3 1660 1661 1662 4612 
3 3037 1661 1660 4613 
3 1662 3036 1660 4614 
3 3036 3037 1660 4615 
3 1662 1661 2985 4616 
3 2484 2483 1661 4617 
3 1661 2483 2752 4618 
3 2868 2484 1661 4619 
3 2752 2985 1661 4620 
3 1661 3037 2868 4621 
3 3038 1662 2985 4622 
3 3036 1662 3038 4623 
3 1673 1674 1675 4631 
3 2936 1674 1673 4632 
3 1673 1675 2938 4633 
3 3727 1675 1674 4634 
3 2993 1674 2936 4635 
3 2993 3727 1674 4636 
3 1675 3040 2938 4637 
3 1675 3379 3040 4638 
3 1675 3727 3379 4639 
3 1692 1693 1694 4649 
3 1693 1692 3928 4650 
3 1692 1694 3731 4651 
3 2396 3018 1692 4652 
3 2396 1692 3731 4653 
3 3018 3928 1692 4654 
3 1694 1693 3041 4655 
3 1693 3928 3019 4656 
3 1693 3021 3041 4657 
3 3041 3731 1694 4658 
3 1702 1703 1704 4666 
3 1702 3733 1703 4667 
3 3732 1702 1704 4668 
3 3046 3045 1702 4669 
3 1702 3045 3929 4670 
3 3163 3046 1702 4671 
3 3163 1702 3732 4672 
3 1702 3929 3733 4673 
3 1703 3047 1704 4674 
3 1703 3733 3047 4675 
3 3042 1704 3043 4676 
3 3042 3732 1704 4677 
3 3043 1704 3734 4678 
3 1704 3047 3734 4679 
3 1724 1725 1726 4708 
3 3057 1725 1724 4709 
3 1726 2516 1724 4710 
3 2516 3057 1724 4711 
3 1726 1725 1765 4712 
3 1765 1725 3408 4713 
3 1725 2420 2421 4714 
3 1725 3923 2420 4715 
3 3408 1725 2421 4716 
3 1725 3057 3923 4717 
3 3058 1726 1765 4718 
3 2516 1726 3058 4719 
3 1739 1740 1741 4732 
3 1739 3061 1740 4733 
3 3060 3061 1739 4734 
3 1741 1740 2975 4735 
3 2593 1740 2594 4736 
3 1740 2593 2975 4737 
3 2594 1740 2934 4738 
3 3061 2934 1740 4739 
3 1742 3062 1743 4740 
3 1742 2148 3062 4741 
3 1743 3063 2353 4742 
3 3062 3063 1743 4743 
3 1753 1754 1755 4749 
3 1753 3064 1754 4750 
3 1755 3873 1753 4751 
3 1753 2538 2539 4752 
3 3873 2538 1753 4753 
3 1753 2539 3064 4754 
3 1754 3736 1755 4755 
3 3064 3065 1754 4756 
3 1754 3065 3736 4757 
3 3873 1755 3025 4758 
3 1756 1757 1758 4759 
3 1756 2890 1757 4760 
3 1758 3069 1756 4761 
3 3190 1756 3069 4762 
3 1757 3068 1758 4763 
3 2890 3070 1757 4764 
3 3068 1757 3737 4765 
3 1757 3070 3737 4766 
3 3068 3069 1758 4767 
3 1765 1766 1767 4770 
3 1766 1765 3408 4771 
3 2798 1765 1767 4772 
3 1765 2798 3008 4773 
3 3464 3058 1765 4775 
3 1766 2799 1767 4776 
3 2677 1766 2678 4777 
3 2799 1766 2677 4778 
3 1766 3408 2678 4779 
3 1768 1769 1770 4780 
3 1769 1768 3075 4781 
3 2821 1768 1770 4782 
3 1768 2821 3887 4783 
3 3075 1768 3489 4784 
3 1768 3488 3489 4785 
3 3695 3488 1768 4786 
3 1768 3887 3695 4787 
3 1770 1769 3485 4788 
3 3485 1769 3739 4790 
3 2821 1770 3485 4793 
3 1775 1776 1777 4795 
3 3077 1776 1775 4796 
3 1777 3076 1775 4797 
3 3076 3077 1775 4798 
3 1777 1776 3078 4799 
3 2592 2598 1776 4800 
3 1776 3077 2592 4801 
3 2598 2597 1776 4802 
3 3078 1776 2597 4803 
3 3076 1777 2448 4804 
3 2448 1777 3078 4805 
3 1781 1782 1783 4809 
3 1781 3689 1782 4810 
3 3080 1781 1783 4811 
3 3080 3081 1781 4812 
3 3081 3689 1781 4813 
3 1783 1782 3079 4814 
3 3079 1782 2822 4815 
3 1782 3689 2822 4816 
3 3079 2819 1783 4817 
3 1783 2819 3080 4818 
3 1800 1801 1802 4833 
3 1801 1800 2832 4834 
3 1800 1802 3082 4835 
3 1800 2602 2604 4836 
3 1800 3082 2602 4837 
3 3195 1800 2604 4838 
3 3195 2832 1800 4839 
3 1802 1801 3724 4840 
3 2832 2831 1801 4841 
3 2831 3724 1801 4842 
3 1802 2971 3082 4843 
3 1802 3724 2971 4844 
3 1803 1804 1805 4845 
3 1804 1803 3085 4846 
3 1805 2827 1803 4847 
3 3308 1803 2827 4848 
3 3085 1803 3934 4849 
3 3308 3934 1803 4850 
3 1805 1804 3086 4851 
3 1804 3085 2426 4852 
3 1804 2426 3418 4853 
3 3086 1804 3418 4854 
3 2827 1805 2828 4855 
3 1805 3086 2828 4856 
3 1811 3087 1812 4861 
3 3087 1811 3089 4862 
3 3089 1811 3090 4863 
3 3087 3088 1812 4864 
3 1819 1820 1821 4866 
3 2851 1820 1819 4867 
3 2576 1819 1821 4868 
3 1819 2576 2643 4869 
3 1819 2643 2645 4870 
3 1819 2645 2852 4871 
3 2851 1819 2852 4872 
3 1820 3096 1821 4873 
3 1820 2851 3333 4874 
3 3096 1820 3094 4875 
3 3333 3094 1820 4876 
3 1821 3096 2576 4877 
3 1832 1833 1834 4883 
3 1832 2962 1833 4884 
3 3099 1832 1834 4885 
3 1832 2963 2962 4886 
3 3100 2963 1832 4887 
3 3099 3100 1832 4888 
3 1834 1833 2628 4889 
3 2961 2628 1833 4890 
3 1833 2962 2961 4891 
3 3361 1834 2628 4892 
3 3098 3099 1834 4893 
3 1834 3361 3098 4894 
3 1835 1836 1837 4895 
3 1835 3740 1836 4896 
3 3718 1835 1837 4897 
3 2949 3102 1835 4898 
3 3718 2949 1835 4899 
3 1835 3102 3936 4900 
3 1835 3936 3740 4901 
3 1837 1836 3741 4902 
3 1836 3103 3104 4903 
3 1836 3938 3103 4904 
3 3937 1836 3104 4905 
3 1836 3740 3938 4906 
3 3741 1836 3937 4907 
3 2950 1837 3101 4908 
3 2950 3718 1837 4909 
3 3101 1837 3741 4910 
3 1841 3279 2265 4918 
3 1841 3109 3279 4921 
3 1850 1851 1852 4927 
3 1850 3202 1851 4928 
3 3698 1850 1852 4929 
3 1850 3112 3202 4930 
3 1852 1851 3691 4931 
3 1851 3202 3113 4932 
3 3110 1852 3111 4933 
3 3110 3698 1852 4934 
3 3111 1852 3940 4935 
3 3940 1852 3691 4936 
3 1858 1859 1860 4937 
3 3653 1859 1858 4938 
3 3119 1858 1860 4939 
3 1858 2110 2111 4940 
3 1858 3941 2110 4941 
3 2111 3183 1858 4942 
3 1858 3119 3941 4943 
3 3653 1858 3183 4944 
3 3115 1860 1859 4945 
3 3114 3115 1859 4946 
3 1859 3653 3114 4947 
3 1860 3115 3118 4948 
3 1860 3118 3119 4949 
3 2115 2117 1866 4952 
3 2328 2115 1866 4953 
3 3192 1866 2117 4954 
3 3796 2328 1866 4956 
3 2457 3796 1866 4957 
3 2457 1866 3996 4958 
3 1874 1875 1876 4964 
3 1874 3124 1875 4965 
3 3479 1874 1876 4966 
3 2513 3123 1874 4967 
3 3808 2513 1874 4968 
3 1874 3123 3682 4969 
3 1874 3682 3124 4970 
3 3479 3808 1874 4971 
3 1875 3124 2776 4973 
3 2776 3749 1875 4974 
3 1889 1890 1891 4986 
3 1889 2169 1890 4987 
3 2761 1889 1891 4988 
3 2762 2169 1889 4989 
3 2761 2762 1889 4990 
3 1891 1890 3126 4991 
3 3943 1890 2169 4992 
3 3126 1890 3127 4993 
3 1890 3943 3127 4994 
3 2758 2761 1891 4995 
3 2758 1891 3125 4996 
3 3125 1891 3126 4997 
3 1913 3087 1914 5017 
3 2994 3088 1913 5018 
3 1913 3088 3087 5019 
3 1914 3092 3010 5020 
3 3092 1914 3087 5021 
3 1920 1921 1922 5026 
3 1920 3743 1921 5027 
3 3654 1920 1922 5028 
3 1920 3282 2727 5029 
3 3743 1920 2727 5030 
3 1920 3654 3282 5031 
3 1922 1921 3581 5032 
3 3130 3129 1921 5033 
3 1921 3129 3132 5034 
3 3743 3130 1921 5035 
3 1921 3132 3581 5036 
3 1936 1937 1938 5050 
3 3434 1936 1938 5051 
3 3134 3013 1936 5052 
3 3434 3134 1936 5053 
3 1938 1937 3700 5054 
3 1937 3017 2865 5055 
3 3700 1937 2865 5056 
3 3133 1938 2862 5057 
3 2862 1938 3700 5058 
3 3133 3434 1938 5059 
3 1961 1962 1963 5063 
3 1961 2871 1962 5064 
3 3160 1961 1963 5065 
3 1961 2872 2871 5066 
3 3136 2872 1961 5067 
3 3160 3136 1961 5068 
3 1963 1962 3036 5069 
3 1962 2871 2869 5070 
3 1962 2869 3037 5071 
3 3036 1962 3037 5072 
3 3035 1963 3036 5073 
3 3135 1963 3035 5074 
3 3135 3160 1963 5075 
3 1964 1965 1966 5076 
3 1965 1964 3838 5077 
3 1966 3139 1964 5078 
3 1964 2638 2639 5079 
3 1964 3744 2638 5080 
3 2639 3838 1964 5081 
3 3744 1964 3139 5082 
3 3380 3139 1966 5086 
3 1980 1981 1982 5095 
3 1981 1980 3141 5096 
3 1980 1982 3145 5097 
3 1980 1991 1992 5098 
3 1980 3147 1991 5099 
3 2995 1980 1992 5100 
3 2995 3141 1980 5101 
3 3147 1980 3145 5102 
3 3142 1982 1981 5103 
3 3141 3142 1981 5104 
3 1982 3142 3144 5105 
3 3146 1982 3144 5106 
3 1982 3146 3145 5107 
3 1992 1991 3148 5117 
3 2583 1991 2584 5118 
3 2583 3536 1991 5119 
3 2584 1991 3147 5120 
3 3148 1991 3536 5121 
3 2535 1992 2533 5122 
3 1992 3148 2533 5123 
3 1997 1998 1999 5124 
3 2504 1998 1997 5125 
3 1997 1999 3334 5126 
3 1997 2146 2145 5127 
3 3354 1997 2145 5128 
3 2146 1997 3198 5129 
3 3354 2504 1997 5130 
3 1997 3334 3198 5131 
3 1999 1998 2649 5132 
3 2503 1998 2504 5133 
3 4004 1998 2503 5134 
3 1998 3149 2649 5135 
3 3149 1998 3150 5136 
3 1998 4004 3150 5137 
3 1999 2649 3334 5138 
3 2021 2022 2023 5156 
3 2021 3726 2022 5157 
3 3746 2021 2023 5158 
3 3154 2981 2021 5159 
3 2021 2981 3726 5160 
3 3746 3154 2021 5161 
3 2023 2022 3155 5162 
3 3155 2022 3156 5163 
3 2022 3726 3156 5164 
3 3152 2023 3153 5165 
3 3152 3746 2023 5166 
3 3153 2023 3155 5167 
3 2036 2037 2038 5177 
3 2037 2036 2991 5178 
3 2038 3747 2036 5179 
3 3159 2991 2036 5180 
3 3158 3159 2036 5181 
3 3158 2036 3747 5182 
3 3886 2038 2037 5183 
3 2037 2808 3886 5184 
3 2991 2810 2037 5185 
3 3160 2038 3136 5186 
3 2038 3886 3136 5187 
3 2038 3160 3747 5188 
3 2044 3162 2043 5189 
3 3162 2785 2043 5190 
3 2785 3511 2043 5191 
3 3163 2044 3044 5192 
3 3162 2044 3163 5193 
3 2063 2064 2065 5206 
3 2063 2657 2064 5207 
3 3748 2063 2065 5208 
3 2065 2064 3170 5212 
3 2064 2657 3171 5213 
3 3170 2064 3171 5214 
3 3166 2065 3167 5215 
3 3166 3748 2065 5216 
3 3167 2065 3170 5217 
3 2090 2091 2092 5228 
3 3173 2091 2090 5229 
3 2090 2092 3178 5230 
3 2090 2277 2279 5231 
3 2090 3178 2277 5232 
3 3173 2090 2279 5233 
3 2092 2091 3176 5234 
3 3172 2091 3173 5235 
3 3172 3174 2091 5236 
3 3174 3176 2091 5237 
3 2092 3176 3177 5238 
3 2092 3177 3178 5239 
3 2103 3128 3655 5253 
3 2103 3655 3656 5255 
3 3662 2103 3656 5256 
3 3662 3880 2103 5257 
3 2110 3182 2111 5265 
3 3182 2110 2451 5266 
3 2451 2110 3184 5267 
3 3184 2110 3941 5268 
3 3182 3183 2111 5269 
3 2112 2113 2114 5270 
3 3059 2113 2112 5271 
3 2112 2114 3191 5272 
3 2112 2377 2378 5273 
3 2112 3364 2377 5274 
3 3059 2112 2378 5275 
3 3364 2112 3191 5276 
3 2114 2113 3068 5277 
3 2113 3059 3187 5278 
3 3188 3068 2113 5279 
3 3187 3188 2113 5280 
3 2114 3068 3071 5281 
3 2114 3071 3191 5282 
3 2115 2116 2117 5283 
3 2115 3310 2116 5284 
3 2328 3021 2115 5285 
3 2115 2655 3310 5286 
3 2116 3192 2117 5287 
3 2116 2303 3192 5288 
3 3310 2303 2116 5289 
3 3595 3262 2118 5290 
3 3961 2118 3262 5291 
3 3491 3595 2118 5292 
3 4009 3491 2118 5293 
3 2121 3193 2122 5296 
3 3193 2121 3196 5297 
3 2121 3195 3196 5298 
3 3193 3194 2122 5299 
3 2145 2146 2147 5308 
3 2145 2147 3697 5309 
3 2363 2362 2145 5310 
3 3354 2145 2362 5311 
3 3697 2363 2145 5312 
3 3199 2147 2146 5313 
3 3198 3199 2146 5314 
3 2147 3202 3112 5315 
3 3112 3697 2147 5316 
3 2147 3199 3202 5317 
3 3203 3062 2148 5318 
3 2436 2150 2775 5326 
3 2436 3750 2150 5327 
3 2775 2150 3749 5328 
3 2152 2153 2154 5333 
3 3208 2153 2152 5334 
3 2152 2154 3210 5335 
3 2152 2280 2281 5336 
3 2152 2864 2280 5337 
3 2281 3966 2152 5338 
3 2864 2152 3210 5339 
3 3966 3208 2152 5340 
3 3196 2154 2153 5341 
3 3208 3196 2153 5342 
3 2154 3196 3209 5343 
3 2154 3209 3210 5344 
3 2157 2158 2159 5345 
3 2157 3214 2158 5346 
3 3751 2157 2159 5347 
3 3212 3213 2157 5348 
3 3751 3212 2157 5349 
3 2157 3213 3214 5350 
3 2159 2158 2925 5351 
3 2925 2158 3342 5352 
3 2158 3214 3215 5353 
3 3215 3342 2158 5354 
3 2924 2159 2925 5355 
3 3211 2159 2924 5356 
3 3211 3751 2159 5357 
3 2160 2161 2162 5358 
3 2160 3604 2161 5359 
3 3752 2160 2162 5360 
3 3218 3219 2160 5361 
3 3752 3218 2160 5362 
3 2160 3219 3604 5363 
3 2162 2161 3753 5364 
3 2161 2685 3220 5365 
3 2161 3604 2685 5366 
3 3753 2161 3220 5367 
3 3216 2162 3217 5368 
3 3216 3752 2162 5369 
3 3217 2162 3753 5370 
3 2168 2169 2170 5371 
3 3223 2169 2168 5372 
3 2170 3222 2168 5373 
3 3222 3223 2168 5374 
3 3876 2170 2169 5375 
3 2169 2762 3876 5376 
3 2169 3223 3943 5377 
3 3222 2170 2610 5378 
3 2610 2170 3224 5379 
3 2170 3876 3224 5380 
3 2171 2172 2173 5381 
3 2171 3754 2172 5382 
3 3221 2171 2173 5383 
3 3312 2306 2171 5384 
3 2171 2306 3754 5385 
3 3221 3312 2171 5386 
3 2173 2172 3755 5387 
3 3227 3226 2172 5388 
3 2172 3226 3229 5389 
3 3754 3227 2172 5390 
3 2172 3229 3755 5391 
3 2229 2173 2230 5392 
3 2229 3221 2173 5393 
3 2230 2173 3755 5394 
3 2178 2179 2180 5401 
3 2178 3757 2179 5402 
3 3756 2178 2180 5403 
3 3232 3233 2178 5404 
3 3756 3232 2178 5405 
3 2178 3233 3757 5406 
3 2180 2179 3439 5407 
3 2179 3234 3235 5408 
3 2179 3757 3234 5409 
3 3439 2179 3235 5410 
3 3230 2180 3231 5411 
3 3230 3756 2180 5412 
3 3231 2180 3439 5413 
3 2187 2188 2189 5414 
3 2187 3409 2188 5415 
3 2999 2187 2189 5416 
3 2999 2684 2187 5417 
3 2187 2684 3409 5418 
3 2189 2188 3236 5419 
3 3236 2188 3239 5420 
3 2188 3238 3239 5421 
3 2188 3409 3238 5422 
3 2189 2995 2999 5423 
3 2995 2189 3237 5424 
3 3236 3237 2189 5425 
3 2833 2837 2193 5434 
3 2837 3240 2193 5435 
3 2194 3240 3241 5436 
3 2195 3644 2196 5438 
3 3644 2195 3318 5439 
3 3644 3823 2196 5442 
3 2197 2198 2199 5443 
3 2197 3247 2198 5444 
3 3246 2197 2199 5445 
3 2224 2225 2197 5446 
3 2224 2197 3246 5447 
3 2225 3150 2197 5448 
3 2197 3150 3247 5449 
3 3249 2199 2198 5450 
3 2198 2564 3222 5451 
3 2198 3247 2564 5452 
3 2198 3222 3249 5453 
3 2199 2530 2531 5454 
3 2199 3248 2530 5455 
3 3246 2199 2531 5456 
3 2199 3249 3248 5457 
3 2211 2212 2213 5464 
3 2211 3194 2212 5465 
3 3251 2211 2213 5466 
3 2297 2296 2211 5467 
3 2211 2296 3083 5468 
3 3251 2297 2211 5469 
3 3194 2211 3083 5470 
3 2212 3193 2213 5471 
3 3193 2212 3194 5472 
3 3760 2213 3193 5473 
3 3251 2213 3252 5474 
3 3252 2213 3760 5475 
3 3335 2225 2224 5490 
3 2224 2531 2343 5491 
3 3335 2224 2343 5492 
3 2531 2224 3246 5493 
3 2649 2225 2342 5494 
3 2342 2225 3335 5495 
3 2649 3149 2225 5496 
3 3150 2225 3149 5497 
3 3761 2229 2230 5498 
3 3573 3221 2229 5499 
3 3592 3573 2229 5500 
3 3592 2229 3593 5501 
3 3593 2229 3761 5502 
3 3260 3259 2230 5503 
3 3259 3263 2230 5504 
3 3755 3260 2230 5505 
3 2230 3263 3761 5506 
3 2232 2233 2234 5507 
3 2232 3265 2233 5508 
3 3725 2232 2234 5509 
3 3266 2232 2975 5510 
3 3725 2975 2232 5511 
3 3265 2232 3266 5512 
3 2234 2233 3762 5513 
3 2233 3265 3267 5514 
3 2233 3267 3268 5515 
3 3762 2233 3268 5516 
3 2978 2234 3264 5517 
3 2978 3725 2234 5518 
3 3264 2234 3762 5519 
3 2246 2247 2248 5523 
3 2246 3764 2247 5524 
3 3763 2246 2248 5525 
3 3271 3272 2246 5526 
3 3763 3271 2246 5527 
3 2246 3272 3964 5528 
3 2246 3964 3764 5529 
3 2248 2247 3307 5530 
3 2247 3273 3274 5531 
3 2247 3764 3273 5532 
3 3307 2247 3274 5533 
3 3269 2248 3270 5534 
3 3269 3763 2248 5535 
3 3270 2248 3307 5536 
3 2254 2253 3765 5543 
3 2253 2868 2870 5544 
3 2870 2873 2253 5545 
3 2873 3765 2253 5546 
3 2254 3277 2813 5547 
3 2254 3765 3277 5548 
3 2265 2689 2690 5553 
3 2265 3483 2689 5554 
3 2265 3279 3483 5556 
3 2267 2268 2269 5559 
3 2267 3766 2268 5560 
3 2884 3283 2267 5561 
3 2267 3283 3766 5562 
3 2269 2268 3281 5563 
3 3281 2268 3285 5564 
3 2268 3284 3285 5565 
3 2268 3766 3284 5566 
3 3281 3282 2269 5567 
3 3654 2269 3282 5568 
3 2270 2271 2272 5569 
3 2270 3767 2271 5570 
3 3287 2270 2272 5571 
3 3287 3288 2270 5572 
3 3288 3289 2270 5573 
3 2270 3289 3767 5574 
3 2272 2271 3290 5575 
3 3290 2271 3291 5576 
3 2271 3767 3291 5577 
3 3286 3287 2272 5578 
3 2272 3965 3286 5579 
3 3965 2272 3290 5580 
3 2273 2274 2275 5581 
3 2273 3564 2274 5582 
3 3155 2273 2275 5583 
3 3155 3156 2273 5584 
3 3156 3293 2273 5585 
3 2273 3293 3564 5586 
3 2275 2274 2718 5587 
3 2718 2274 3295 5588 
3 2274 3294 3295 5589 
3 2274 3564 3294 5590 
3 3292 2275 2718 5591 
3 3153 3155 2275 5592 
3 3153 2275 3292 5593 
3 2277 2278 2279 5594 
3 2277 3768 2278 5595 
3 3178 3296 2277 5596 
3 2277 3296 3768 5597 
3 2279 2278 3722 5598 
3 2278 3297 2968 5599 
3 3722 2278 2968 5600 
3 2278 3768 3297 5601 
3 3173 2279 2967 5602 
3 2967 2279 3722 5603 
3 2280 3299 2281 5604 
3 3300 2280 2864 5605 
3 3299 2280 3300 5606 
3 3298 3001 2281 5607 
3 3966 2281 3001 5608 
3 3298 2281 3299 5609 
3 2295 2296 2297 5617 
3 2295 3308 2296 5618 
3 3307 2295 2297 5619 
3 3307 3274 2295 5620 
3 3274 3934 2295 5621 
3 3308 2295 3934 5622 
3 3084 3083 2296 5623 
3 2296 3308 3084 5624 
3 3270 2297 3251 5625 
3 3270 3307 2297 5626 
3 2301 2302 2303 5635 
3 2303 3310 2301 5636 
3 3310 3311 2301 5637 
3 2303 2302 2764 5638 
3 2303 2764 3192 5639 
3 2304 2305 2306 5640 
3 2304 3531 2305 5641 
3 2612 2304 2306 5642 
3 2612 3313 2304 5643 
3 2304 3313 3531 5644 
3 2306 2305 3754 5645 
3 2305 3314 3225 5646 
3 3754 2305 3225 5647 
3 2305 3531 3314 5648 
3 3312 2612 2306 5649 
3 3318 2322 3644 5670 
3 2396 3731 2328 5673 
3 2456 3575 2328 5675 
3 2328 3796 2456 5676 
3 3021 2328 3041 5677 
3 3731 3041 2328 5678 
3 2330 2331 2332 5680 
3 3822 2331 2330 5681 
3 3774 2330 2332 5682 
3 3320 2330 3321 5683 
3 3972 2330 3320 5684 
3 3921 3321 2330 5685 
3 2330 3774 3921 5686 
3 2330 3972 3822 5687 
3 2332 2331 3324 5688 
3 3772 3324 2331 5689 
3 3771 3772 2331 5690 
3 2331 3822 3771 5691 
3 2332 3324 3774 5692 
3 2333 2334 2335 5693 
3 2333 3265 2334 5694 
3 3767 2333 2335 5695 
3 2333 3267 3265 5696 
3 3289 3267 2333 5697 
3 3767 3289 2333 5698 
3 2335 2334 3326 5699 
3 2334 3265 3266 5700 
3 2334 3266 3328 5701 
3 3326 2334 3328 5702 
3 3326 3327 2335 5703 
3 2335 3327 3767 5704 
3 2340 3333 3775 5716 
3 3776 2340 3775 5717 
3 2342 2343 2344 5719 
3 2342 3335 2343 5720 
3 2342 2344 3199 5721 
3 2342 3334 2649 5722 
3 3199 3334 2342 5723 
3 2344 2343 3336 5724 
3 2343 2531 3813 5725 
3 2343 3496 3336 5726 
3 3496 2343 4011 5727 
3 4011 2343 3813 5728 
3 3199 2344 3200 5729 
3 2344 3336 3200 5730 
3 2352 2353 2354 5744 
3 2352 2354 3477 5745 
3 3214 2582 2352 5746 
3 2352 3343 3214 5747 
3 3343 2352 3344 5748 
3 3477 3344 2352 5749 
3 2354 2353 3063 5750 
3 2354 3063 3345 5751 
3 3477 2354 3345 5752 
3 2355 2356 2357 5753 
3 2355 3348 2356 5754 
3 3347 2355 2357 5755 
3 3347 3349 2355 5756 
3 3348 2355 3349 5757 
3 2356 3029 3028 5758 
3 3029 2356 3348 5759 
3 2357 2899 3346 5760 
3 3346 3347 2357 5761 
3 3457 2359 2358 5763 
3 3458 2561 2359 5770 
3 2359 3457 3458 5772 
3 2361 2362 2363 5774 
3 3471 2362 2361 5775 
3 2361 2363 3355 5776 
3 2361 2473 2475 5777 
3 2361 3355 2473 5778 
3 2475 3471 2361 5779 
3 3353 3354 2362 5780 
3 2362 3471 3353 5781 
3 2363 3697 3355 5782 
3 2365 2366 2367 5783 
3 2365 3782 2366 5784 
3 3358 2365 2367 5785 
3 3358 3359 2365 5786 
3 2367 2366 3783 5787 
3 2366 2405 3360 5788 
3 2366 3782 2405 5789 
3 3783 2366 3360 5790 
3 3356 2367 3357 5791 
3 3356 3358 2367 5792 
3 3357 2367 3441 5793 
3 3441 2367 3783 5794 
3 2368 2369 2370 5795 
3 2369 2368 3362 5796 
3 2370 3099 2368 5797 
3 2979 2368 3099 5798 
3 2979 3895 2368 5799 
3 3362 2368 3895 5800 
3 2370 2369 3363 5801 
3 2625 2369 2626 5802 
3 2625 3363 2369 5803 
3 2626 2369 3362 5804 
3 3099 2370 3100 5805 
3 2370 3363 3100 5806 
3 2378 2377 3060 5807 
3 2447 2446 2377 5808 
3 2377 2446 3365 5809 
3 3364 2447 2377 5810 
3 3060 2377 3365 5811 
3 3059 2378 3060 5812 
3 2382 2383 2384 5823 
3 2382 3175 2383 5824 
3 2384 3369 2382 5825 
3 3176 3175 2382 5826 
3 3176 2382 3369 5827 
3 2384 2383 3370 5828 
3 2559 2383 2560 5829 
3 3523 2383 2559 5830 
3 2560 2383 3175 5831 
3 2976 3370 2383 5832 
3 2383 3523 2976 5833 
3 3369 2384 3370 5834 
3 2385 2386 2387 5835 
3 2385 3708 2386 5836 
3 3392 2385 2387 5837 
3 3372 2910 2385 5838 
3 2385 2910 3708 5839 
3 3392 3372 2385 5840 
3 2387 2386 3608 5841 
3 3608 2386 3373 5842 
3 2407 2387 3371 5843 
3 2407 3392 2387 5844 
3 3371 2387 3608 5845 
3 2388 2389 2390 5846 
3 2388 3786 2389 5847 
3 3785 2388 2390 5848 
3 3376 3377 2388 5849 
3 3981 3376 2388 5850 
3 2388 3377 3786 5851 
3 3785 3981 2388 5852 
3 2390 2389 3375 5853 
3 2389 3378 3273 5854 
3 3764 2389 3273 5855 
3 3375 2389 3764 5856 
3 2389 3786 3378 5857 
3 3785 2390 3375 5858 
3 2391 2392 2393 5859 
3 2391 3040 2392 5860 
3 2393 2982 2391 5861 
3 2542 2543 2391 5862 
3 2984 2542 2391 5863 
3 2391 2543 2964 5864 
3 3040 2391 2964 5865 
3 2982 2984 2391 5866 
3 2392 3379 2393 5867 
3 3379 2392 3040 5868 
3 2982 2393 3157 5869 
3 3158 3157 2393 5870 
3 3158 2393 3379 5871 
3 2396 2397 2398 5872 
3 2397 2396 3140 5873 
3 2396 2398 2448 5874 
3 2396 2448 3031 5875 
3 2396 3031 3018 5877 
3 3138 3140 2396 5878 
3 2397 3139 2398 5879 
3 3139 2397 3140 5880 
3 2398 3076 2448 5881 
3 3076 2398 3139 5882 
3 2399 2400 2401 5883 
3 2399 3383 2400 5884 
3 3382 2399 2401 5885 
3 2416 2415 2399 5886 
3 2399 2415 3402 5887 
3 3381 2416 2399 5888 
3 3381 2399 3382 5889 
3 2399 3402 3383 5890 
3 2401 2433 2434 5891 
3 2401 3384 2433 5892 
3 2434 3423 2401 5893 
3 3382 2401 3423 5894 
3 2405 2406 2407 5909 
3 2405 3782 2406 5910 
3 3442 2405 2407 5911 
3 3360 2405 3442 5912 
3 2407 2406 3392 5913 
3 3391 3392 2406 5914 
3 2406 3985 3391 5915 
3 2406 3782 3985 5916 
3 3442 2407 3371 5917 
3 2408 3110 3111 5918 
3 2408 3891 3110 5919 
3 2408 3111 3940 5920 
3 3940 3885 2408 5921 
3 3891 2408 3892 5922 
3 2411 2412 2413 5927 
3 2411 3016 2412 5928 
3 2413 2790 2411 5929 
3 2790 2795 2411 5930 
3 2795 3016 2411 5931 
3 2413 2412 3015 5932 
3 2596 3014 2412 5933 
3 3015 2412 3014 5934 
3 2790 2413 3789 5935 
3 2413 3015 3398 5936 
3 3789 2413 3398 5937 
3 2414 2415 2416 5938 
3 2414 3401 2415 5939 
3 3399 2414 2416 5940 
3 2640 2642 2414 5941 
3 2414 3533 2640 5942 
3 2414 2642 3400 5943 
3 3533 2414 3399 5944 
3 2414 3400 3401 5945 
3 2415 2629 3402 5946 
3 3833 2629 2415 5947 
3 3401 4023 2415 5948 
3 3564 3833 2415 5949 
3 3564 2415 4023 5950 
3 2416 3381 3399 5951 
3 2417 2418 2419 5952 
3 2417 3790 2418 5953 
3 2708 2417 2419 5954 
3 2708 3405 2417 5955 
3 3405 3406 2417 5956 
3 2417 3406 3790 5957 
3 2419 2418 3723 5958 
3 2418 3407 2970 5959 
3 3723 2418 2970 5960 
3 2418 3790 3407 5961 
3 3403 2708 2419 5962 
3 3404 2419 2969 5963 
3 2969 2419 3723 5964 
3 3403 2419 3404 5965 
3 2420 3409 2421 5966 
3 3409 2420 3238 5967 
3 3238 2420 3923 5968 
3 2678 3408 2421 5969 
3 3843 2678 2421 5970 
3 3410 2683 2421 5971 
3 3843 2421 2683 5972 
3 2421 3409 3410 5973 
3 2423 3872 2424 5975 
3 2423 3413 3414 5977 
3 3990 3413 2423 5978 
3 3992 2423 3414 5979 
3 2423 3992 3872 5981 
3 3415 2424 3793 5984 
3 3793 2424 3872 5985 
3 2426 2427 2428 5987 
3 2426 3786 2427 5988 
3 2426 2428 3418 5989 
3 3085 3378 2426 5990 
3 2426 3378 3786 5991 
3 2428 2427 3740 5992 
3 2427 3377 3103 5993 
3 3938 2427 3103 5994 
3 2427 3786 3377 5995 
3 3740 2427 3938 5996 
3 3418 2428 3740 5997 
3 2429 2430 2431 5998 
3 3419 2430 2429 5999 
3 2429 2650 2651 6001 
3 3419 2429 2651 6003 
3 2431 2430 3108 6005 
3 3420 3108 2430 6006 
3 3419 3420 2430 6007 
3 2433 3460 2434 6010 
3 3384 3460 2433 6011 
3 3423 2434 3518 6012 
3 2434 3460 3424 6013 
3 2434 3424 3520 6014 
3 3518 2434 3820 6015 
3 2434 3520 3820 6016 
3 2435 2436 2437 6017 
3 2435 3750 2436 6018 
3 3502 2435 2437 6019 
3 3427 3206 2435 6020 
3 3502 3427 2435 6022 
3 2437 2436 3426 6023 
3 3681 2436 2775 6024 
3 3426 2436 3681 6025 
3 3502 2437 3426 6026 
3 2440 2441 2442 6031 
3 2440 3540 2441 6032 
3 3687 2440 2442 6033 
3 2787 3429 2440 6034 
3 3687 2787 2440 6035 
3 2440 3429 3540 6036 
3 2442 2441 3766 6037 
3 2441 3430 3284 6038 
3 3766 2441 3284 6039 
3 2441 3540 3430 6040 
3 2788 2442 3283 6041 
3 2788 3687 2442 6042 
3 3283 2442 3766 6043 
3 2445 2446 2447 6044 
3 2445 3589 2446 6045 
3 3126 2445 2447 6046 
3 3126 3127 2445 6047 
3 3127 3431 2445 6048 
3 2445 3431 3589 6049 
3 2446 3432 3365 6050 
3 2446 3589 3432 6051 
3 3125 3126 2447 6052 
3 3125 2447 3364 6053 
3 2448 2449 2450 6054 
3 2448 3134 2449 6055 
3 2450 3031 2448 6056 
3 3134 2448 3078 6057 
3 2449 3433 2450 6058 
3 3434 2449 3134 6059 
3 3433 2449 3434 6060 
3 3433 3031 2450 6061 
3 2451 2452 2453 6062 
3 3184 2452 2451 6063 
3 2451 2453 3186 6064 
3 3182 2451 3185 6065 
3 3186 3185 2451 6066 
3 2453 2452 2759 6067 
3 3795 2759 2452 6068 
3 3435 2452 3184 6069 
3 3435 3795 2452 6070 
3 2453 2759 2757 6071 
3 2453 2757 3186 6072 
3 2455 2456 2457 6075 
3 2455 2638 2456 6076 
3 2455 2457 2639 6077 
3 2639 2638 2455 6078 
3 3796 2457 2456 6079 
3 2638 3575 2456 6080 
3 2457 3996 2639 6081 
3 2459 3439 2458 6082 
3 3439 3235 2458 6083 
3 3439 2459 2680 6084 
3 2680 2459 3440 6085 
3 2459 3884 3440 6086 
3 2460 2461 2462 6087 
3 2461 2460 3357 6088 
3 2460 2462 3444 6089 
3 2460 3549 2607 6090 
3 2460 2607 3826 6091 
3 3978 3357 2460 6092 
3 2460 3444 3549 6093 
3 3826 3471 2460 6094 
3 3471 3978 2460 6095 
3 2462 2461 3797 6096 
3 3357 3441 2461 6097 
3 3441 3783 2461 6098 
3 3783 3797 2461 6099 
3 2462 3797 3444 6100 
3 2464 2465 2466 6101 
3 2464 2746 2465 6102 
3 2466 3765 2464 6103 
3 3446 2746 2464 6104 
3 3765 3446 2464 6105 
3 2466 2465 2745 6106 
3 2466 2745 3447 6107 
3 3462 2466 3447 6108 
3 3765 2466 3462 6109 
3 2469 2470 2471 6114 
3 2469 3801 2470 6115 
3 2469 2471 3449 6116 
3 3451 3288 2469 6117 
3 2469 3288 3801 6118 
3 3800 2469 3449 6119 
3 3800 3451 2469 6120 
3 2471 2470 3802 6121 
3 2470 3287 3452 6122 
3 3801 3287 2470 6123 
3 2470 3452 3453 6124 
3 3999 2470 3453 6125 
3 3802 2470 3999 6126 
3 3449 2471 3802 6127 
3 2473 2474 2475 6128 
3 2473 3803 2474 6129 
3 2475 2474 3358 6130 
3 3358 2474 3359 6131 
3 2474 3454 3359 6132 
3 2474 3803 3454 6133 
3 3358 3356 2475 6134 
3 3471 2475 3356 6135 
3 2482 2483 2484 6139 
3 2482 2660 2483 6140 
3 2811 2482 2484 6141 
3 2482 3455 2660 6142 
3 2811 2817 2482 6143 
3 2817 3455 2482 6144 
3 2483 2660 2752 6145 
3 2812 2811 2484 6146 
3 2484 2868 2812 6147 
3 3679 2486 2485 6149 
3 2485 2770 2772 6151 
3 2485 2772 3680 6152 
3 2485 3680 3679 6153 
3 3456 3457 2486 6154 
3 2486 3679 3456 6155 
3 2488 2489 2490 6158 
3 2488 3737 2489 6159 
3 3182 2488 2490 6160 
3 3185 3072 2488 6161 
3 2488 3072 3737 6162 
3 3182 3185 2488 6163 
3 2490 2489 3746 6164 
3 2489 3070 3154 6165 
3 2489 3737 3070 6166 
3 3746 2489 3154 6167 
3 3183 2490 3152 6168 
3 3152 2490 3746 6169 
3 3183 3182 2490 6170 
3 2491 2492 2493 6171 
3 2491 2631 2492 6172 
3 2973 2491 2493 6173 
3 2491 3459 2631 6174 
3 2973 2977 2491 6175 
3 2977 3459 2491 6176 
3 2493 2492 3188 6177 
3 4001 2492 2631 6178 
3 3188 2492 3189 6179 
3 2492 4001 3189 6180 
3 2974 2973 2493 6181 
3 2974 2493 3187 6182 
3 3187 2493 3188 6183 
3 2494 2495 2496 6184 
3 2494 3462 2495 6185 
3 3461 2494 2496 6186 
3 3460 3445 2494 6187 
3 3462 2494 3445 6188 
3 3460 2494 3461 6189 
3 2496 2495 3144 6190 
3 3447 3144 2495 6191 
3 2495 3462 3447 6192 
3 3143 2496 3144 6193 
3 2496 3143 3425 6194 
3 3425 3461 2496 6195 
3 2536 2537 2498 6199 
3 2537 3058 2498 6201 
3 2498 3058 3464 6203 
3 2499 2500 2501 6204 
3 2499 3469 2500 6205 
3 3804 2499 2501 6206 
3 3467 3468 2499 6207 
3 4003 3467 2499 6208 
3 2499 3468 3469 6209 
3 3804 4003 2499 6210 
3 2501 2500 3466 6211 
3 3466 2500 2886 6212 
3 2886 2500 3895 6213 
3 2500 3469 3470 6214 
3 3470 3895 2500 6215 
3 3804 2501 3466 6216 
3 2504 3473 2503 6217 
3 3473 3474 2503 6218 
3 3474 4004 2503 6219 
3 3473 2504 3354 6220 
3 2509 2510 2511 6227 
3 3022 2510 2509 6228 
3 3345 2509 2511 6229 
3 2509 3345 3023 6230 
3 2511 2510 3477 6231 
3 2937 2939 2510 6232 
3 2937 2510 3022 6233 
3 2939 3477 2510 6234 
3 2511 3477 3345 6235 
3 2512 2513 2514 6236 
3 2512 3807 2513 6237 
3 3805 2512 2514 6238 
3 3627 2512 3628 6239 
3 3627 3806 2512 6240 
3 3628 2512 3854 6241 
3 3805 3854 2512 6242 
3 2512 3806 3807 6243 
3 2514 2513 3482 6244 
3 2513 2778 3123 6245 
3 2513 3807 2778 6246 
3 3482 2513 3808 6247 
3 3805 2514 3482 6248 
3 2515 2516 2517 6249 
3 2515 3057 2516 6250 
3 2517 3720 2515 6251 
3 2956 3057 2515 6252 
3 3925 2956 2515 6253 
3 3720 3925 2515 6254 
3 2517 2516 3055 6255 
3 3055 2516 3056 6256 
3 3056 2516 3058 6257 
3 2689 2517 3055 6258 
3 3720 2517 2689 6259 
3 3888 2825 2518 6264 
3 3809 3695 2518 6265 
3 3695 3888 2518 6266 
3 2521 2522 2523 6268 
3 2521 3757 2522 6269 
3 3728 2521 2523 6270 
3 3004 3234 2521 6271 
3 3728 3004 2521 6272 
3 2521 3234 3757 6273 
3 2523 2522 3717 6274 
3 2522 3233 2945 6275 
3 3717 2522 2945 6276 
3 2522 3757 3233 6277 
3 3005 2523 2944 6278 
3 2944 2523 3717 6279 
3 3005 3728 2523 6280 
3 2524 2525 2526 6281 
3 2524 3591 2525 6282 
3 2526 3810 2524 6283 
3 3570 3591 2524 6284 
3 2524 4026 3570 6285 
3 3812 2524 3810 6286 
3 4026 2524 3812 6287 
3 2525 3490 2526 6288 
3 3591 3490 2525 6289 
3 3490 3492 2526 6290 
3 2527 2528 2529 6294 
3 2527 3348 2528 6295 
3 3089 2527 2529 6296 
3 3090 3029 2527 6297 
3 3348 2527 3029 6298 
3 3089 3090 2527 6299 
3 2529 2528 3530 6300 
3 2528 3348 3349 6301 
3 2528 3349 3494 6302 
3 3530 2528 3494 6303 
3 3093 3089 2529 6304 
3 3093 2529 3493 6305 
3 3493 2529 3530 6306 
3 2530 3813 2531 6307 
3 3248 3495 2530 6308 
3 2530 3495 4010 6309 
3 2530 4010 3813 6310 
3 2533 2534 2535 6311 
3 2534 2533 3536 6312 
3 3148 3536 2533 6313 
3 2535 2534 2946 6314 
3 3536 2941 2534 6315 
3 2535 2946 2996 6316 
3 2536 3056 2537 6317 
3 2690 3055 2536 6318 
3 3056 2536 3055 6319 
3 3058 2537 3056 6320 
3 2539 2538 3598 6321 
3 2743 3497 2538 6322 
3 2538 3873 2743 6323 
3 3497 3598 2538 6324 
3 2539 3499 3064 6325 
3 2539 3598 3499 6326 
3 2541 2540 3815 6327 
3 2914 3501 2540 6328 
3 3501 3500 2540 6329 
3 2540 3500 3502 6330 
3 3815 2540 3502 6331 
3 2541 3426 2773 6332 
3 3814 2541 2773 6333 
3 2541 3815 3426 6334 
3 2542 2984 3038 6335 
3 2965 2964 2543 6336 
3 2544 2545 2546 6337 
3 2544 3736 2545 6338 
3 3816 2544 2546 6339 
3 3505 3067 2544 6340 
3 2544 3067 3736 6341 
3 3816 3505 2544 6342 
3 2546 2545 3763 6343 
3 2545 3065 3271 6344 
3 2545 3736 3065 6345 
3 3763 2545 3271 6346 
3 3504 2546 3269 6347 
3 3269 2546 3763 6348 
3 3504 3816 2546 6349 
3 2547 2548 2549 6350 
3 2547 3701 2548 6351 
3 3696 2547 2549 6352 
3 2855 2883 2547 6353 
3 3696 2855 2547 6354 
3 2547 2883 3701 6355 
3 2549 2548 3751 6356 
3 2548 2882 3212 6357 
3 2548 3701 2882 6358 
3 3751 2548 3212 6359 
3 2856 2549 3211 6360 
3 2856 3696 2549 6361 
3 3211 2549 3751 6362 
3 2553 2554 2555 6374 
3 2554 2553 3503 6375 
3 2555 2750 2553 6376 
3 3514 2553 2750 6377 
3 3515 3503 2553 6378 
3 3514 3515 2553 6379 
3 2750 2555 3874 6380 
3 2555 3516 3517 6381 
3 3874 2555 3517 6382 
3 2556 2557 2558 6383 
3 2556 3821 2557 6384 
3 2556 2558 3820 6385 
3 3424 3143 2556 6386 
3 3821 2556 3143 6387 
3 3520 3424 2556 6388 
3 3520 2556 3820 6389 
3 2558 2557 3822 6390 
3 2557 3142 3521 6391 
3 3821 3142 2557 6392 
3 2557 3521 3322 6393 
3 3973 2557 3322 6394 
3 3822 2557 3973 6395 
3 3820 2558 3822 6396 
3 2560 3522 2559 6397 
3 3522 3523 2559 6398 
3 3174 2560 3175 6399 
3 3522 2560 3174 6400 
3 3458 3642 2561 6401 
3 4007 2561 3481 6402 
3 4049 3481 2561 6403 
3 2561 3642 3643 6404 
3 2561 3643 4049 6405 
3 2562 2563 2564 6407 
3 2562 3223 2563 6408 
3 2564 3247 2562 6409 
3 3839 2663 2562 6410 
3 2562 2663 3943 6411 
3 3150 2562 3247 6412 
3 3150 4032 2562 6413 
3 3223 2562 3943 6414 
3 4032 3839 2562 6415 
3 2563 3222 2564 6416 
3 3222 2563 3223 6417 
3 2838 2567 3527 6427 
3 3544 2592 2570 6433 
3 3014 2570 3015 6434 
3 3014 3544 2570 6435 
3 3398 3015 2570 6436 
3 3889 3398 2570 6439 
3 2571 2572 2573 6440 
3 2571 3530 2572 6441 
3 3741 2571 2573 6442 
3 3104 3493 2571 6443 
3 3937 3104 2571 6444 
3 2571 3493 3530 6445 
3 3741 3937 2571 6446 
3 2573 2572 2739 6447 
3 3494 2739 2572 6448 
3 2572 3530 3494 6449 
3 3529 2573 2739 6450 
3 3101 2573 3529 6451 
3 3101 3741 2573 6452 
3 2574 2575 2576 6453 
3 2574 3531 2575 6454 
3 3096 2574 2576 6455 
3 3096 3314 2574 6456 
3 3531 2574 3314 6457 
3 2576 2575 2643 6458 
3 2643 2575 3313 6459 
3 2575 3531 3313 6460 
3 2577 2578 2579 6461 
3 2577 3420 2578 6462 
3 3721 2577 2579 6463 
3 2960 3421 2577 6464 
3 3721 2960 2577 6465 
3 2577 3421 3420 6466 
3 2579 2578 2640 6467 
3 2640 2578 3534 6468 
3 2578 3420 3534 6469 
3 3533 2579 2640 6470 
3 3532 2579 3533 6471 
3 3532 3721 2579 6472 
3 2580 2581 2582 6473 
3 3213 2581 2580 6474 
3 2582 3214 2580 6475 
3 3214 3213 2580 6476 
3 2581 2881 2691 6478 
3 2581 3213 2881 6480 
3 2583 2584 2585 6481 
3 3027 2583 2585 6482 
3 3027 3536 2583 6483 
3 2585 2584 3535 6484 
3 2584 3147 2744 6485 
3 3535 2584 2744 6486 
3 2585 2742 3027 6487 
3 3535 2742 2585 6488 
3 2586 2587 2588 6489 
3 2586 3538 2587 6490 
3 2588 3443 2586 6491 
3 2586 2693 3606 6492 
3 2586 4034 2693 6493 
3 3442 2586 3443 6494 
3 2586 3442 4034 6495 
3 3538 2586 3606 6496 
3 2587 3537 2588 6497 
3 3537 2587 3290 6498 
3 3538 3290 2587 6499 
3 3537 3443 2588 6500 
3 2589 2590 2591 6501 
3 2589 3540 2590 6502 
3 3824 2589 2591 6503 
3 3540 2589 3430 6504 
3 3430 2589 3657 6505 
3 3824 3657 2589 6506 
3 2591 2590 3790 6507 
3 2590 3429 3407 6508 
3 3790 2590 3407 6509 
3 2590 3540 3429 6510 
3 3539 2591 3406 6511 
3 3406 2591 3790 6512 
3 3539 3824 2591 6513 
3 2596 2592 3544 6515 
3 2593 2594 2595 6517 
3 2593 2595 3825 6518 
3 3328 2975 2593 6519 
3 3326 3328 2593 6520 
3 3326 2593 3825 6521 
3 2595 2594 3543 6522 
3 3543 2594 2934 6523 
3 3825 2595 3543 6524 
3 2596 2597 2598 6525 
3 2596 3544 3014 6526 
3 3078 2597 3013 6527 
3 2599 2600 2601 6528 
3 2599 3795 2600 6529 
3 2644 2599 2601 6530 
3 2644 3546 2599 6531 
3 3546 3436 2599 6532 
3 2599 3436 3795 6533 
3 2601 2600 3118 6534 
3 3118 2600 3119 6535 
3 2600 3435 3119 6536 
3 2600 3795 3435 6537 
3 3545 2644 2601 6538 
3 3117 2601 3118 6539 
3 3545 2601 3117 6540 
3 2602 2603 2604 6541 
3 3082 3034 2602 6542 
3 2604 2603 3209 6543 
3 3033 3210 2603 6544 
3 3209 2603 3210 6545 
3 3195 2604 3209 6546 
3 2606 2688 3602 6547 
3 2606 3080 2819 6548 
3 2606 2819 3484 6549 
3 3602 3080 2606 6550 
3 2606 3484 3485 6551 
3 3485 3739 2606 6552 
3 2607 2608 2609 6554 
3 2607 3714 2608 6555 
3 3826 2607 2609 6556 
3 3549 3548 2607 6557 
3 2607 3548 3914 6558 
3 2607 3914 3714 6559 
3 2608 3550 2609 6560 
3 2608 3714 3550 6561 
3 3471 2609 3472 6562 
3 2609 3471 3826 6563 
3 3547 3472 2609 6564 
3 2609 3550 3547 6565 
3 2610 2611 2612 6566 
3 2610 3224 2611 6567 
3 3312 2610 2612 6568 
3 3221 3222 2610 6569 
3 3221 2610 3312 6570 
3 2616 2617 2618 6583 
3 3753 2616 2618 6584 
3 3220 3000 2616 6585 
3 3753 3220 2616 6586 
3 2618 2617 3756 6587 
3 2617 2998 3232 6588 
3 3756 2617 3232 6589 
3 3217 2618 3230 6590 
3 3217 3753 2618 6591 
3 3230 2618 3756 6592 
3 2619 2620 2621 6593 
3 2619 3829 2620 6594 
3 3828 2619 2621 6595 
3 2619 3674 3413 6596 
3 3829 2619 3413 6597 
3 2619 3991 3674 6598 
3 3991 2619 3828 6599 
3 2620 3831 2621 6600 
3 3645 2621 3166 6603 
3 3166 2621 3831 6604 
3 2621 3645 3828 6605 
3 2622 2623 2624 6606 
3 2622 2927 2623 6607 
3 3561 2622 2624 6608 
3 3561 2857 2622 6609 
3 2857 4022 2622 6610 
3 2927 2622 4022 6611 
3 2624 2623 3514 6612 
3 2623 2927 2928 6613 
3 2623 2928 3515 6614 
3 3514 2623 3515 6615 
3 2854 2624 3512 6616 
3 2854 3561 2624 6617 
3 3512 2624 3514 6618 
3 2625 2626 2627 6619 
3 3832 2625 2627 6620 
3 3563 3363 2625 6621 
3 3832 3563 2625 6622 
3 2627 2626 3469 6623 
3 2626 3362 3470 6624 
3 3469 2626 3470 6625 
3 3468 2627 3469 6626 
3 3562 2627 3468 6627 
3 3562 3832 2627 6628 
3 2628 2629 2630 6629 
3 2628 3383 2629 6630 
3 2630 3293 2628 6631 
3 2628 2961 3383 6632 
3 3361 2628 3293 6633 
3 2629 3833 2630 6634 
3 3402 2629 3383 6635 
3 3564 3293 2630 6636 
3 3833 3564 2630 6637 
3 2631 2632 2633 6638 
3 3565 2632 2631 6639 
3 4025 2631 2633 6640 
3 3190 4001 2631 6641 
3 2631 4025 3190 6642 
3 3459 3565 2631 6643 
3 2633 2632 3567 6644 
3 3048 2632 3565 6645 
3 3048 3930 2632 6646 
3 3733 3567 2632 6647 
3 3930 3733 2632 6648 
3 2633 3567 4025 6649 
3 2634 2635 2636 6650 
3 3569 2634 2636 6651 
3 2802 2634 3569 6652 
3 2635 3834 2636 6653 
3 3834 2635 3572 6654 
3 3569 2636 3570 6655 
3 3570 2636 4027 6656 
3 3834 3836 2636 6657 
3 3836 4027 2636 6658 
3 2755 2637 3218 6659 
3 3875 2637 2755 6660 
3 3218 2637 3219 6661 
3 3219 2637 4033 6662 
3 4033 2637 3605 6663 
3 2638 3140 3575 6665 
3 3744 3140 2638 6666 
3 2640 2641 2642 6668 
3 2640 3534 2641 6669 
3 2642 2641 3400 6670 
3 2641 2716 2717 6671 
3 2641 3419 2716 6672 
3 2717 3648 2641 6673 
3 3400 2641 3648 6674 
3 3534 3419 2641 6675 
3 2643 2644 2645 6676 
3 2643 3546 2644 6677 
3 2643 3313 3546 6678 
3 2645 2644 2852 6679 
3 2852 2644 3545 6680 
3 2646 2647 2648 6681 
3 2646 3762 2647 6682 
3 3369 2646 2648 6683 
3 3370 3264 2646 6684 
3 2646 3264 3762 6685 
3 3369 3370 2646 6686 
3 2648 2647 3800 6687 
3 2647 3268 3451 6688 
3 2647 3762 3268 6689 
3 3800 2647 3451 6690 
3 3368 3369 2648 6691 
3 3368 2648 3448 6692 
3 3448 2648 3800 6693 
3 2651 2650 3576 6694 
3 3576 2650 3577 6695 
3 3419 2651 3576 6696 
3 2654 2844 2655 6700 
3 2844 2654 2845 6701 
3 3310 2655 2844 6702 
3 2656 2657 2658 6703 
3 2656 3171 2657 6704 
3 3584 2656 2658 6705 
3 2656 2711 2712 6706 
3 2656 2947 2711 6707 
3 3171 2656 2712 6708 
3 2947 2656 3584 6709 
3 2658 2657 3823 6710 
3 2658 3644 3584 6712 
3 3644 2658 3823 6713 
3 2659 2660 2661 6714 
3 2753 2660 2659 6715 
3 2661 3832 2659 6716 
3 2748 2753 2659 6717 
3 2748 2659 3832 6718 
3 2661 2660 3455 6719 
3 2660 2753 2752 6720 
3 2661 3455 3563 6721 
3 3832 2661 3563 6722 
3 2662 2663 2664 6723 
3 2662 3589 2663 6724 
3 2664 3588 2662 6725 
3 2935 3432 2662 6726 
3 3587 2935 2662 6727 
3 2662 3432 3589 6728 
3 3587 2662 3588 6729 
3 2664 2663 3839 6730 
3 2663 3589 3431 6731 
3 3431 3943 2663 6732 
3 3839 3588 2664 6733 
3 2665 2666 2667 6734 
3 3835 2666 2665 6735 
3 3842 2665 2667 6736 
3 3490 3591 2665 6737 
3 2665 3842 3490 6738 
3 3590 2665 3591 6739 
3 4027 2665 3590 6740 
3 2665 4027 3835 6741 
3 2667 2666 3594 6742 
3 3840 3594 2666 6743 
3 3835 3840 2666 6744 
3 2667 3594 3842 6745 
3 2668 2669 2670 6746 
3 2668 3730 2669 6747 
3 2668 2670 3596 6748 
3 2809 2810 2668 6749 
3 2809 2668 3596 6750 
3 2810 3012 2668 6751 
3 2668 3012 3730 6752 
3 2670 2669 3785 6753 
3 2669 3011 3376 6754 
3 2669 3927 3011 6755 
3 3981 2669 3376 6756 
3 2669 3730 3927 6757 
3 3785 2669 3981 6758 
3 3596 2670 3785 6759 
3 2671 2672 2673 6760 
3 2671 3729 2672 6761 
3 3760 2671 2673 6762 
3 3253 3002 2671 6763 
3 2671 3002 3729 6764 
3 3760 3253 2671 6765 
3 2673 2672 3816 6766 
3 2672 3006 3505 6767 
3 2672 3729 3006 6768 
3 3816 2672 3505 6769 
3 3252 2673 3504 6770 
3 3252 3760 2673 6771 
3 3504 2673 3816 6772 
3 2675 3598 2674 6773 
3 3598 3599 2674 6774 
3 2807 2675 2808 6775 
3 3598 2675 2807 6776 
3 2675 3886 2808 6777 
3 2677 2678 2679 6778 
3 3074 2677 2679 6779 
3 2677 3073 2799 6780 
3 3073 2677 3074 6781 
3 2678 3843 2679 6782 
3 3074 2679 3600 6783 
3 3600 2679 3843 6784 
3 2680 2681 2682 6785 
3 2680 3440 2681 6786 
3 3438 2680 2682 6787 
3 3231 2680 3438 6788 
3 2680 3231 3439 6789 
3 2681 3080 2682 6790 
3 2681 3081 3080 6791 
3 3440 3081 2681 6792 
3 3602 2682 3080 6793 
3 3438 2682 3601 6794 
3 3601 2682 3602 6795 
3 2683 2684 2685 6796 
3 2684 2683 3410 6797 
3 2685 3604 2683 6798 
3 3843 2683 3604 6799 
3 3220 2685 2684 6800 
3 2999 3000 2684 6801 
3 3220 2684 3000 6802 
3 3410 3409 2684 6803 
3 2686 2687 2688 6804 
3 2686 3752 2687 6805 
3 2755 3218 2686 6806 
3 2686 3218 3752 6807 
3 2688 2687 3602 6808 
3 2687 3216 3601 6809 
3 2687 3752 3216 6810 
3 3602 2687 3601 6811 
3 2690 2689 3055 6812 
3 2959 2689 3483 6813 
3 2689 2959 3720 6814 
3 2691 2724 2692 6815 
3 2691 2881 2724 6816 
3 2693 2694 2695 6818 
3 2693 3609 2694 6819 
3 2693 2695 3606 6820 
3 3609 2693 3371 6821 
3 3371 2693 4034 6822 
3 2695 2694 3844 6823 
3 3609 3608 2694 6824 
3 2694 3608 3610 6825 
3 2694 3610 3611 6826 
3 4035 2694 3611 6827 
3 3844 2694 4035 6828 
3 3606 2695 3844 6829 
3 2696 2697 2698 6830 
3 2697 2696 3845 6831 
3 2696 2698 3848 6832 
3 3612 2696 3613 6833 
3 2696 3612 3802 6834 
3 3613 2696 4038 6835 
3 3802 3845 2696 6836 
3 4038 2696 3848 6837 
3 3846 2698 2697 6838 
3 3845 3846 2697 6839 
3 2698 3846 3615 6840 
3 2698 3615 3848 6841 
3 2699 2700 2701 6842 
3 3848 2700 2699 6843 
3 2699 2701 3851 6844 
3 3618 2699 3619 6845 
3 4038 2699 3618 6846 
3 3619 2699 4043 6847 
3 2699 4038 3848 6848 
3 3851 4043 2699 6849 
3 2701 2700 3622 6850 
3 3850 3622 2700 6851 
3 2700 3848 3849 6852 
3 3849 3850 2700 6853 
3 2701 3622 3851 6854 
3 2702 2703 2704 6855 
3 3851 2703 2702 6856 
3 2702 2704 4047 6857 
3 3625 2702 3626 6858 
3 4043 2702 3625 6859 
3 3626 2702 4046 6860 
3 2702 4043 3851 6861 
3 4047 4046 2702 6862 
3 3853 2704 2703 6863 
3 2703 3851 3852 6864 
3 3852 3853 2703 6865 
3 2704 3853 3629 6866 
3 2704 3629 3855 6867 
3 3855 4047 2704 6868 
3 2705 2706 2707 6869 
3 2706 2705 4047 6870 
3 2707 3859 2705 6871 
3 3856 3858 2705 6872 
3 3856 2705 3859 6873 
3 3858 4047 2705 6874 
3 3862 2707 2706 6875 
3 2706 3636 3637 6876 
3 2706 4048 3636 6877 
3 3637 4053 2706 6878 
3 3862 2706 4053 6879 
3 4048 2706 4047 6880 
3 3859 2707 3860 6881 
3 2707 3862 3860 6882 
3 2708 2709 2710 6883 
3 2708 3641 2709 6884 
3 2710 3638 2708 6885 
3 3641 2708 3403 6886 
3 3405 2708 3638 6887 
3 2709 3865 2710 6888 
3 4056 2709 3641 6889 
3 3865 2709 4056 6890 
3 3865 3638 2710 6891 
3 2712 2711 3170 6892 
3 2951 3170 2711 6893 
3 3171 2712 3170 6894 
3 2713 2714 2715 6895 
3 2713 4059 2714 6896 
3 2922 2713 2715 6897 
3 2922 2921 2713 6898 
3 3711 2713 2921 6899 
3 3710 2713 3711 6900 
3 3908 2713 3710 6901 
3 2713 3908 3776 6902 
3 2713 3776 4059 6903 
3 2714 2721 2715 6904 
3 2850 2714 4059 6905 
3 3646 2715 2721 6906 
3 2922 2715 3646 6907 
3 2716 3576 2717 6908 
3 2716 3419 3576 6909 
3 3647 2717 3576 6910 
3 3647 3648 2717 6911 
3 2718 2719 2720 6912 
3 2718 3295 2719 6913 
3 3292 2718 2720 6914 
3 2719 3651 2720 6915 
3 3295 3648 2719 6916 
3 2719 3648 3647 6917 
3 3651 2719 3647 6918 
3 3292 2720 3650 6919 
3 3650 2720 3651 6920 
3 2721 2722 2723 6921 
3 2722 2721 3116 6922 
3 2721 2723 3646 6923 
3 2853 3116 2721 6924 
3 2723 2722 3651 6925 
3 3116 3115 2722 6926 
3 3115 3651 2722 6927 
3 2723 3652 3646 6928 
3 2723 3651 3652 6929 
3 2724 2725 2726 6930 
3 2724 2880 2725 6931 
3 2838 2724 2726 6932 
3 3527 2724 2838 6933 
3 2880 2724 2881 6934 
3 2725 2879 2726 6935 
3 2879 2725 2880 6936 
3 2838 2726 3240 6937 
3 3240 2726 2879 6938 
3 2727 2728 2729 6939 
3 2727 3281 2728 6940 
3 3743 2727 2729 6941 
3 2727 3282 3281 6942 
3 2729 2728 2730 6943 
3 2730 2728 3657 6944 
3 2728 3281 3285 6945 
3 3285 3657 2728 6946 
3 3655 2729 2730 6947 
3 3128 2729 3655 6948 
3 3128 3743 2729 6949 
3 2730 2731 2732 6950 
3 2730 3657 2731 6951 
3 3655 2730 2732 6952 
3 2731 3866 2732 6953 
3 2731 3657 3824 6954 
3 3866 2731 3824 6955 
3 3655 2732 3656 6956 
3 3656 2732 3866 6957 
3 2733 2734 2735 6958 
3 2733 3866 2734 6959 
3 3662 3656 2733 6960 
3 2733 3656 3866 6961 
3 2735 2734 3660 6962 
3 2734 3659 3663 6963 
3 2734 3866 3659 6964 
3 3660 2734 3867 6965 
3 2734 3663 3666 6966 
3 3867 2734 3666 6967 
3 2736 2737 2738 6968 
3 2736 3870 2737 6969 
3 3869 2736 2738 6970 
3 3668 3667 2736 6971 
3 2736 3667 4055 6972 
3 3868 3668 2736 6973 
3 3868 2736 3869 6974 
3 2736 4055 3870 6975 
3 2737 3669 2738 6976 
3 2737 3870 3669 6977 
3 3665 2738 3456 6978 
3 3456 2738 3871 6979 
3 3664 2738 3665 6980 
3 3664 3869 2738 6981 
3 2738 3669 3871 6982 
3 2739 2740 2741 6983 
3 3672 2740 2739 6984 
3 2739 2741 3675 6985 
3 2739 3494 3672 6986 
3 2739 3675 3529 6987 
3 2741 2740 3872 6988 
3 3672 3347 2740 6989 
3 3347 3872 2740 6990 
3 2741 3674 3675 6991 
3 2741 3992 3674 6992 
3 2741 3872 3992 6993 
3 3873 2742 2743 6994 
3 3873 3027 2742 6995 
3 2744 3146 2745 6996 
3 2744 3147 3146 6997 
3 3447 2745 3146 6998 
3 2747 2746 3275 6999 
3 3276 3275 2746 7000 
3 3446 3276 2746 7001 
3 2747 3275 3498 7002 
3 3599 3497 2747 7003 
3 2747 3498 3599 7004 
3 2749 2748 3562 7005 
3 3874 2748 2750 7006 
3 2748 3517 2753 7007 
3 3517 2748 3874 7008 
3 3832 3562 2748 7009 
3 3585 2749 3562 7010 
3 2750 2751 3514 7011 
3 2751 3513 3514 7012 
3 2752 2753 2754 7013 
3 2754 2986 2752 7014 
3 2985 2752 2986 7015 
3 2754 2753 3517 7016 
3 3517 2986 2754 7017 
3 2756 2757 2758 7018 
3 3186 2757 2756 7019 
3 2756 2758 3125 7020 
3 2756 3071 3072 7021 
3 3191 3071 2756 7022 
3 3185 2756 3072 7023 
3 2756 3125 3364 7024 
3 2756 3185 3186 7025 
3 3191 2756 3364 7026 
3 2757 2761 2758 7027 
3 2761 2757 2759 7028 
3 3795 2760 2759 7029 
3 3436 3313 2760 7030 
3 2760 3795 3436 7031 
3 3880 3662 2768 7046 
3 3707 2773 2774 7048 
3 2773 3426 3681 7049 
3 3707 3814 2773 7050 
3 3620 2774 3621 7051 
3 3620 4040 2774 7052 
3 3621 2774 3684 7053 
3 4040 3707 2774 7054 
3 2775 2776 2777 7055 
3 2775 3749 2776 7056 
3 2777 2776 3682 7057 
3 3124 3682 2776 7058 
3 2779 2778 3806 7059 
3 3123 2778 3682 7060 
3 3683 3682 2778 7061 
3 3807 3806 2778 7062 
3 3623 2779 3806 7063 
3 3161 2780 2781 7064 
3 3161 2967 2780 7065 
3 3161 2781 3042 7066 
3 2781 3163 3042 7067 
3 3163 2781 3162 7068 
3 2782 3882 2783 7069 
3 2782 2970 3882 7070 
3 2783 3882 2787 7071 
3 2785 2784 3511 7072 
3 3511 2784 2786 7073 
3 3511 2786 2854 7074 
3 2787 3882 3429 7075 
3 2789 2788 3883 7076 
3 3883 2788 3283 7077 
3 2789 3883 2855 7078 
3 3789 2791 2790 7079 
3 3396 2791 3397 7080 
3 2791 3789 3397 7081 
3 2841 2794 2792 7082 
3 2795 2794 2839 7083 
3 2839 2794 2840 7084 
3 2794 2841 2840 7085 
3 2795 2839 3016 7086 
3 2803 2801 2804 7090 
3 2802 3569 3570 7092 
3 4026 2802 3570 7093 
3 2804 3691 2803 7094 
3 3691 2804 3940 7095 
3 3885 3940 2804 7096 
3 3597 2805 2806 7097 
3 3499 2807 2805 7098 
3 3597 3499 2805 7099 
3 2806 2809 3596 7100 
3 2806 3596 3374 7101 
3 3979 2806 3374 7102 
3 3597 2806 3979 7103 
3 2807 3499 3598 7104 
3 2810 2991 3012 7105 
3 2811 2818 2817 7106 
3 2813 2814 2815 7107 
3 2813 3277 2814 7108 
3 2814 3277 3445 7109 
3 3460 3384 2814 7110 
3 3445 3460 2814 7111 
3 2816 2817 2818 7112 
3 2817 2816 3455 7113 
3 2963 2816 2818 7114 
3 3100 2816 2963 7115 
3 3100 3363 2816 7116 
3 3563 2816 3363 7117 
3 3563 3455 2816 7118 
3 2818 2962 2963 7119 
3 2819 2820 2821 7120 
3 2819 3079 2820 7121 
3 3484 2819 2821 7122 
3 3484 2821 3485 7125 
3 2822 3396 2823 7127 
3 3079 2822 3692 7128 
3 3396 2822 3689 7129 
3 2823 3396 3397 7130 
3 2824 3398 2825 7131 
3 2824 3789 3398 7132 
3 2825 3398 3889 7133 
3 2827 2826 3308 7136 
3 3083 3084 2826 7137 
3 3084 3308 2826 7138 
3 2830 2827 2828 7139 
3 2827 2830 2831 7140 
3 2828 2829 2830 7141 
3 2828 3086 2829 7142 
3 2830 2829 2972 7143 
3 2948 2829 2949 7144 
3 2948 2972 2829 7145 
3 2949 2829 3102 7146 
3 2829 3086 3102 7147 
3 2972 2831 2830 7148 
3 2831 2972 3724 7149 
3 2837 2838 3240 7154 
3 2865 2839 2840 7155 
3 2865 3017 2839 7156 
3 3017 3016 2839 7157 
3 2866 2841 2842 7158 
3 2866 2842 2867 7159 
3 2867 2842 3302 7160 
3 3302 2842 3301 7161 
3 2843 3311 2844 7162 
3 3583 3311 2843 7163 
3 2847 2844 2845 7164 
3 2844 2847 2848 7165 
3 3310 2844 3311 7166 
3 2845 2846 2847 7167 
3 2847 2846 2971 7168 
3 3082 2971 2846 7169 
3 3020 3034 2846 7170 
3 3082 2846 3034 7171 
3 2848 2847 3724 7172 
3 2971 3724 2847 7173 
3 3776 2851 2850 7174 
3 2850 4059 3776 7175 
3 3775 3333 2851 7176 
3 3776 3775 2851 7177 
3 2852 3545 2853 7178 
3 3116 2853 3117 7179 
3 2853 3545 3117 7180 
3 3511 2854 3512 7181 
3 2855 3883 2883 7182 
3 2857 2856 3890 7183 
3 3890 2856 3211 7184 
3 2857 3890 4022 7185 
3 2858 2859 3110 7186 
3 2860 2858 2861 7187 
3 2858 3892 2861 7188 
3 3891 2858 3110 7189 
3 3892 2858 3891 7190 
3 3110 2859 3698 7191 
3 2861 3803 2860 7192 
3 2860 3803 3699 7193 
3 3803 2861 3454 7194 
3 2861 3893 3454 7195 
3 3892 3893 2861 7196 
3 2862 2863 2864 7197 
3 2862 3700 2863 7198 
3 3210 2862 2864 7199 
3 3210 3133 2862 7200 
3 2864 2863 3300 7201 
3 3300 2863 3299 7202 
3 3302 3003 2867 7203 
3 3967 2867 3003 7204 
3 2867 3967 3894 7205 
3 2868 2869 2870 7206 
3 3037 2869 2868 7207 
3 2869 2873 2870 7208 
3 2873 2869 2871 7209 
3 3136 3886 2872 7210 
3 3446 2873 2874 7211 
3 2873 3446 3765 7212 
3 2874 3275 3276 7213 
3 2874 3276 3446 7214 
3 2878 3240 2879 7216 
3 3240 2878 3241 7217 
3 2879 2880 3701 7219 
3 2880 2881 2882 7220 
3 2882 3701 2880 7221 
3 3212 2882 2881 7222 
3 3212 2881 3213 7223 
3 2884 2883 3883 7224 
3 2884 3883 3283 7225 
3 2885 3466 2886 7226 
3 3190 4002 2885 7227 
3 3465 3466 2885 7228 
3 4002 3465 2885 7229 
3 2888 2886 3895 7230 
3 2979 2888 3895 7231 
3 2890 2889 3896 7232 
3 2981 3896 2889 7233 
3 2890 3896 3070 7234 
3 3346 2899 3673 7235 
3 2910 2911 2912 7256 
3 2910 3903 2911 7257 
3 3708 2910 2912 7258 
3 2913 2915 2911 7259 
3 2913 2914 2915 7262 
3 2914 2913 3501 7263 
3 2913 3500 3501 7264 
3 3649 2922 3646 7278 
3 3649 3704 2922 7279 
3 3890 3211 2924 7281 
3 2926 2925 3342 7282 
3 2927 4022 3890 7283 
3 3515 2928 3503 7284 
3 2929 2930 2931 7285 
3 2929 3913 2930 7286 
3 2929 2931 3912 7287 
3 3550 2929 3551 7288 
3 3550 3913 2929 7289 
3 3551 2929 4004 7290 
3 3911 2929 3912 7291 
3 4004 2929 3911 7292 
3 3587 2931 2930 7293 
3 2930 3716 3587 7294 
3 3913 3714 2930 7295 
3 2931 3587 3586 7296 
3 3912 2931 3586 7297 
3 3548 2933 2932 7298 
3 3914 3548 2932 7299 
3 2933 3548 3542 7300 
3 2933 3542 3917 7301 
3 3917 3543 2933 7302 
3 2935 2934 3061 7303 
3 3715 3543 2934 7304 
3 2935 3061 3432 7305 
3 3587 3716 2935 7306 
3 3918 2936 2937 7307 
3 3918 2993 2936 7308 
3 3918 2937 3022 7309 
3 2938 3040 2964 7310 
3 3344 2939 2940 7311 
3 2939 3344 3477 7312 
3 2940 3342 3344 7313 
3 3027 2942 2941 7314 
3 3027 2941 3536 7315 
3 2943 3066 2944 7316 
3 3026 3066 2943 7317 
3 3066 3005 2944 7318 
3 2946 2945 2997 7319 
3 2945 3233 2997 7320 
3 2996 2946 2997 7321 
3 3584 3644 2947 7322 
3 2951 2950 3645 7323 
3 3645 2950 3101 7324 
3 3170 2951 3167 7325 
3 3645 3167 2951 7326 
3 2952 2953 2954 7327 
3 2952 3920 2953 7328 
3 2952 2954 3532 7329 
3 3519 3321 2952 7330 
3 2952 3321 3920 7331 
3 2952 3971 3519 7332 
3 3919 2952 3532 7333 
3 3971 2952 3919 7334 
3 2954 2953 3721 7335 
3 2953 2958 3721 7336 
3 3719 2953 3920 7337 
3 3532 2954 3721 7338 
3 2955 2956 2957 7339 
3 2955 3924 2956 7340 
3 3922 2955 2957 7341 
3 3324 3325 2955 7342 
3 2955 3774 3324 7343 
3 2955 3325 3923 7344 
3 3774 2955 3922 7345 
3 2955 3923 3924 7346 
3 2956 3924 3057 7347 
3 2957 3921 3922 7348 
3 2958 2959 2960 7349 
3 2958 3720 2959 7350 
3 3721 2958 2960 7351 
3 2960 2959 3279 7352 
3 3279 2959 3483 7353 
3 2960 3279 3421 7354 
3 2987 3503 2966 7355 
3 3161 3173 2967 7356 
3 2968 3926 2969 7357 
3 2968 3297 3926 7358 
3 3926 3404 2969 7359 
3 2970 3407 3882 7360 
3 2973 3725 2977 7361 
3 3059 2974 3187 7362 
3 3328 3266 2975 7363 
3 2976 2977 2978 7364 
3 2977 2976 3459 7365 
3 2976 2978 3264 7366 
3 3370 2976 3264 7367 
3 2976 3931 3459 7368 
3 3523 3931 2976 7369 
3 2978 2977 3725 7370 
3 2980 2979 3098 7371 
3 3099 3098 2979 7372 
3 3361 2980 3098 7373 
3 3154 3896 2981 7374 
3 2982 2983 2984 7375 
3 2982 3035 2983 7376 
3 2982 3135 3035 7377 
3 2982 3157 3135 7378 
3 2983 3038 2984 7379 
3 3035 3038 2983 7380 
3 3516 2986 3517 7381 
3 2992 2989 2990 7382 
3 2989 2992 3727 7383 
3 2990 2991 2992 7384 
3 2990 3012 2991 7385 
3 2992 2991 3039 7386 
3 2991 3159 3039 7387 
3 3039 3379 2992 7388 
3 3727 2992 3379 7389 
3 2994 2993 3918 7390 
3 2994 3918 3088 7391 
3 3974 3141 2995 7392 
3 3974 2995 3237 7393 
3 2996 2997 2998 7394 
3 3232 2998 2997 7395 
3 3232 2997 3233 7396 
3 3208 3001 3002 7397 
3 3208 3966 3001 7398 
3 3253 3208 3002 7399 
3 3003 3301 3004 7400 
3 3298 3967 3003 7401 
3 3301 3003 3302 7402 
3 3004 3301 3234 7403 
3 3006 3005 3066 7404 
3 3505 3006 3066 7405 
3 3010 3091 3011 7406 
3 3091 3010 3092 7407 
3 3376 3011 3091 7408 
3 3134 3078 3013 7409 
3 3019 3018 3433 7410 
3 3018 3019 3928 7411 
3 3031 3433 3018 7412 
3 3030 3023 3203 7413 
3 3062 3023 3063 7414 
3 3023 3062 3203 7415 
3 3345 3063 3023 7416 
3 3028 3029 3024 7417 
3 3066 3026 3067 7418 
3 3032 3210 3033 7419 
3 3210 3032 3133 7420 
3 3133 3032 3434 7421 
3 3433 3434 3032 7422 
3 3038 3035 3036 7423 
3 3158 3039 3159 7424 
3 3039 3158 3379 7425 
3 3161 3042 3043 7426 
3 3042 3163 3732 7427 
3 3161 3043 3172 7428 
3 3043 3522 3172 7429 
3 3043 3734 3522 7430 
3 3044 3045 3046 7431 
3 3044 3566 3045 7432 
3 3163 3044 3046 7433 
3 3044 3585 3566 7434 
3 3045 3566 3467 7435 
3 3467 4003 3045 7436 
3 3929 3045 4024 7437 
3 4024 3045 4003 7438 
3 3047 3048 3049 7439 
3 3047 3930 3048 7440 
3 3522 3047 3049 7441 
3 3734 3047 3522 7442 
3 3047 3733 3930 7443 
3 3049 3048 3523 7444 
3 3048 3565 3459 7445 
3 3931 3048 3459 7446 
3 3523 3048 3931 7447 
3 3522 3049 3523 7448 
3 3924 3923 3057 7457 
3 3060 3365 3061 7458 
3 3365 3432 3061 7459 
3 3064 3597 3065 7460 
3 3064 3499 3597 7461 
3 3271 3065 3597 7462 
3 3505 3066 3067 7463 
3 3188 3069 3068 7464 
3 3068 3737 3071 7465 
3 3069 3188 3189 7466 
3 3189 3190 3069 7467 
3 3154 3070 3896 7468 
3 3072 3071 3737 7469 
3 3077 3076 3380 7471 
3 3139 3380 3076 7472 
3 3380 3982 3077 7473 
3 3079 3692 3693 7474 
3 3440 3884 3081 7475 
3 3689 3081 3884 7476 
3 3085 3934 3378 7477 
3 3086 3418 3102 7478 
3 3087 3089 3092 7479 
3 3093 3092 3089 7480 
3 3091 3092 3093 7481 
3 3091 3093 3493 7482 
3 3103 3377 3091 7483 
3 3939 3103 3091 7484 
3 3376 3091 3377 7485 
3 3939 3091 3493 7486 
3 3645 3101 3529 7490 
3 3102 3418 3936 7491 
3 3104 3103 3939 7492 
3 3104 3939 3493 7493 
3 3109 3108 3421 7495 
3 3420 3421 3108 7496 
3 3421 3279 3109 7497 
3 3200 3201 3113 7498 
3 3113 3202 3200 7499 
3 3650 3115 3114 7500 
3 3114 3653 3650 7501 
3 3115 3116 3118 7502 
3 3115 3650 3651 7503 
3 3117 3118 3116 7504 
3 3119 3435 3941 7505 
3 3127 3943 3431 7512 
3 3743 3128 3130 7515 
3 3157 3158 3135 7523 
3 3160 3135 3158 7524 
3 3137 3140 3138 7525 
3 3140 3137 3574 7526 
3 3140 3744 3139 7528 
3 3140 3574 3575 7529 
3 3521 3142 3141 7530 
3 3521 3141 3322 7531 
3 3322 3141 3974 7532 
3 3142 3143 3144 7533 
3 3142 3821 3143 7534 
3 3143 3424 3425 7535 
3 3144 3447 3146 7536 
3 3145 3146 3147 7537 
3 3150 3911 3912 7538 
3 4004 3911 3150 7539 
3 4032 3150 3912 7540 
3 3653 3152 3153 7543 
3 3653 3183 3152 7544 
3 3653 3153 3292 7545 
3 3156 3361 3293 7546 
3 3361 3156 3726 7547 
3 3158 3747 3160 7548 
3 3161 3172 3173 7549 
3 3645 3166 3167 7553 
3 3166 3831 3748 7554 
3 3174 3172 3522 7559 
3 3174 3175 3176 7560 
3 3177 3176 3368 7561 
3 3369 3368 3176 7562 
3 3178 3177 3367 7563 
3 3367 3177 3368 7564 
3 3178 3367 3296 7565 
3 3941 3435 3184 7571 
3 4001 3190 3189 7572 
3 4002 3190 4025 7573 
3 3193 3196 3197 7574 
3 3197 3253 3193 7575 
3 3760 3193 3253 7576 
3 3196 3195 3209 7577 
3 3197 3196 3208 7578 
3 3208 3253 3197 7579 
3 3334 3199 3198 7580 
3 3199 3200 3202 7581 
3 3200 3336 3201 7582 
3 3201 3336 3496 7583 
3 3571 3201 3496 7584 
3 3215 3214 3343 7592 
3 3342 3215 3343 7593 
3 3437 3216 3217 7594 
3 3601 3216 3437 7595 
3 3437 3217 3230 7596 
3 3603 3604 3219 7597 
3 3219 4033 3603 7598 
3 3249 3222 3221 7599 
3 3221 3248 3249 7600 
3 3248 3221 3495 7601 
3 3221 3573 3495 7602 
3 3225 3226 3227 7603 
3 3754 3225 3227 7605 
3 3437 3230 3231 7613 
3 3437 3231 3438 7614 
3 3235 3234 3301 7615 
3 3323 3237 3236 7616 
3 3773 3236 3239 7617 
3 3772 3323 3236 7618 
3 3772 3236 3773 7619 
3 3322 3237 3323 7620 
3 3322 3974 3237 7621 
3 3239 3238 3923 7622 
3 3324 3239 3325 7623 
3 3324 3773 3239 7624 
3 3325 3239 3923 7625 
3 3957 3251 3252 7631 
3 3957 3270 3251 7632 
3 3957 3252 3504 7633 
3 3259 3262 3263 7643 
3 3259 3961 3262 7644 
3 4060 3260 3755 7647 
3 3263 3262 3761 7650 
3 3594 3262 3595 7651 
3 3594 3841 3262 7652 
3 3841 3761 3262 7653 
3 3268 3267 3963 7654 
3 3289 3963 3267 7655 
3 3451 3268 3963 7656 
3 3957 3269 3270 7657 
3 3957 3504 3269 7658 
3 3271 3597 3272 7659 
3 3374 3375 3272 7660 
3 3979 3374 3272 7661 
3 3272 3375 3964 7662 
3 3597 3979 3272 7663 
3 3274 3273 3934 7664 
3 3273 3378 3934 7665 
3 3277 3462 3445 7666 
3 3462 3277 3765 7667 
3 3285 3284 3657 7668 
3 3284 3430 3657 7669 
3 3452 3287 3286 7670 
3 3452 3286 3453 7671 
3 3453 3286 4000 7672 
3 4000 3286 3965 7673 
3 3801 3288 3287 7674 
3 3288 3963 3289 7675 
3 3451 3963 3288 7676 
3 3537 3290 3291 7677 
3 3290 3538 3965 7678 
3 3291 3767 3327 7679 
3 3291 3327 3916 7680 
3 3797 3291 3444 7681 
3 3444 3291 3915 7682 
3 3291 3797 3537 7683 
3 3915 3291 3916 7684 
3 3653 3292 3650 7685 
3 3295 3294 3400 7686 
3 3400 3294 3401 7687 
3 3401 3294 4023 7688 
3 3564 4023 3294 7689 
3 3295 3400 3648 7690 
3 3296 3367 4045 7691 
3 3296 3634 3635 7692 
3 3296 4045 3634 7693 
3 3768 3296 3635 7694 
3 3297 3632 3633 7695 
3 3297 3857 3632 7696 
3 3633 3926 3297 7697 
3 3857 3297 3768 7698 
3 3299 3967 3298 7699 
3 3967 3299 3894 7700 
3 3546 3313 3436 7710 
3 3321 3519 3320 7712 
3 3519 3972 3320 7713 
3 3321 3921 3920 7714 
3 3322 3323 3772 7715 
3 3772 3973 3322 7716 
3 3772 3773 3324 7717 
3 3327 3326 3541 7718 
3 3541 3326 3825 7719 
3 3327 3541 3542 7720 
3 3916 3327 3542 7721 
3 3342 3343 3344 7732 
3 3416 3347 3346 7733 
3 3346 3673 3416 7734 
3 3349 3347 3672 7735 
3 3347 3416 3993 7736 
3 3347 3993 3872 7737 
3 3494 3349 3672 7738 
3 3472 3354 3353 7743 
3 3471 3472 3353 7744 
3 3354 3472 3473 7745 
3 3978 3356 3357 7746 
3 3471 3356 3978 7747 
3 3359 3454 3893 7748 
3 3360 3442 3443 7749 
3 3443 3537 3360 7750 
3 3783 3360 3537 7751 
3 3470 3362 3895 7752 
3 3367 3368 3448 7753 
3 3367 3448 3450 7754 
3 3367 3450 4037 7755 
3 3367 4037 4041 7756 
3 3367 4041 4045 7757 
3 3371 4034 3442 7758 
3 3608 3609 3371 7759 
3 3392 3393 3372 7760 
3 3986 3372 3393 7761 
3 3610 3608 3373 7762 
3 3610 3373 3611 7763 
3 3611 3373 4036 7764 
3 4036 3373 3707 7765 
3 3374 3980 3375 7766 
3 3374 3596 3980 7767 
3 3964 3375 3764 7768 
3 3980 3785 3375 7769 
3 3381 3382 3423 7770 
3 3381 3533 3399 7771 
3 3381 3423 3971 7772 
3 3381 3532 3533 7773 
3 3381 3919 3532 7774 
3 3381 3971 3919 7775 
3 3577 3389 3649 7784 
3 3705 3649 3389 7785 
3 3392 3391 3393 7786 
3 3391 3986 3393 7787 
3 3984 3391 3985 7788 
3 3986 3391 3984 7789 
3 3694 3397 3789 7791 
3 3926 3403 3404 7792 
3 3403 3640 3641 7793 
3 3403 4050 3640 7794 
3 3403 3926 4050 7795 
3 3405 3658 3406 7796 
3 3405 3638 3639 7797 
3 3639 4054 3405 7798 
3 3658 3405 4054 7799 
3 3658 3539 3406 7800 
3 3407 3429 3882 7801 
3 3414 3413 3674 7806 
3 3413 3990 3829 7807 
3 3414 3674 3992 7808 
3 3415 3993 3416 7810 
3 3993 3415 3793 7812 
3 3936 3418 3740 7813 
3 3419 3534 3420 7814 
3 3423 3518 3519 7815 
3 3971 3423 3519 7816 
3 3425 3424 3460 7817 
3 3425 3460 3461 7818 
3 3815 3502 3426 7819 
3 3427 3502 3500 7820 
3 3437 3438 3601 7823 
3 3444 3548 3549 7824 
3 3444 3915 3548 7825 
3 3448 3449 3450 7826 
3 3448 3800 3449 7827 
3 3450 3449 3998 7828 
3 3998 3449 3802 7829 
3 3450 3612 3613 7830 
3 3450 3998 3612 7831 
3 4037 3450 3613 7832 
3 3453 3607 3614 7833 
3 3453 4000 3607 7834 
3 3453 3614 3846 7835 
3 3846 3999 3453 7836 
3 3456 3871 3457 7837 
3 3679 3665 3456 7838 
3 3457 3671 3458 7839 
3 3457 3669 3671 7840 
3 3871 3669 3457 7841 
3 3458 3670 3642 7842 
3 3671 3670 3458 7843 
3 3465 3804 3466 7844 
3 3567 3568 3465 7845 
3 3465 4025 3567 7846 
3 3568 3804 3465 7847 
3 4025 3465 4002 7848 
3 3467 3585 3468 7849 
3 3566 3585 3467 7850 
3 3585 3562 3468 7851 
3 3473 3472 3547 7852 
3 3473 3551 3474 7853 
3 3547 3550 3473 7854 
3 3551 3473 3550 7855 
3 4004 3474 3551 7856 
3 3479 3478 3482 7861 
3 3478 3481 3482 7863 
3 3478 4007 3481 7864 
3 3482 3808 3479 7866 
3 3482 3481 3805 7868 
3 3630 3481 3631 7869 
3 3630 3805 3481 7870 
3 3631 3481 4049 7871 
3 3695 3809 3488 7873 
3 3490 3491 3492 7874 
3 3490 3842 3491 7875 
3 3594 3595 3491 7877 
3 3842 3594 3491 7878 
3 3573 3592 3495 7879 
3 3495 3592 4010 7880 
3 3834 3571 3496 7881 
3 3834 3496 3837 7882 
3 4011 3837 3496 7883 
3 3497 3599 3598 7884 
3 3511 3512 3513 7897 
3 3512 3514 3513 7898 
3 3518 3820 3519 7899 
3 3519 3820 3972 7900 
3 3529 3991 3645 7901 
3 3675 3674 3529 7902 
3 3529 3674 3991 7903 
3 3797 3783 3537 7904 
3 3538 3606 3607 7905 
3 3965 3538 3607 7906 
3 3658 3659 3539 7907 
3 3539 3659 3824 7908 
3 3541 3825 3542 7909 
3 3548 3915 3542 7910 
3 3542 3825 3917 7911 
3 3916 3542 3915 7912 
3 3917 3825 3543 7913 
3 3550 3714 3913 7914 
3 3567 3733 3568 7938 
3 3568 3733 3804 7939 
3 3591 3570 3590 7940 
3 3570 4027 3590 7941 
3 3571 3834 3572 7942 
3 4029 3575 3574 7943 
3 3576 3577 3649 7944 
3 3647 3576 3649 7945 
3 3586 3587 3588 7950 
3 3588 3912 3586 7951 
3 3912 3588 3839 7952 
3 3592 3593 3840 7953 
3 4010 3592 3813 7954 
3 4028 3813 3592 7955 
3 4028 3592 3840 7956 
3 3840 3593 3761 7957 
3 3840 3841 3594 7958 
3 3980 3596 3785 7959 
3 3603 3605 3600 7960 
3 3600 3843 3603 7961 
3 3604 3603 3843 7962 
3 3605 3603 4033 7963 
3 3607 3606 3844 7964 
3 3614 3607 3847 7965 
3 3844 3847 3607 7966 
3 4000 3965 3607 7967 
3 3620 3616 3611 7968 
3 3611 3616 4035 7969 
3 3620 3611 4040 7970 
3 4036 4040 3611 7971 
3 3998 3802 3612 7972 
3 3613 4038 3618 7973 
3 3613 3618 4042 7974 
3 4037 3613 4041 7975 
3 4042 4041 3613 7976 
3 3846 3614 3847 7977 
3 3615 3616 3617 7978 
3 3615 3844 3616 7979 
3 3617 4039 3615 7980 
3 3847 3844 3615 7981 
3 3846 3847 3615 7982 
3 3848 3615 4039 7983 
3 3616 3620 3617 7984 
3 4035 3616 3844 7985 
3 3620 4039 3617 7986 
3 3619 4042 3618 7987 
3 4042 3619 4043 7988 
3 3620 3621 3850 7989 
3 3850 4039 3620 7990 
3 3850 3621 3684 7991 
3 3622 3623 3624 7992 
3 3622 3684 3623 7993 
3 4044 3622 3624 7994 
3 3850 3684 3622 7995 
3 3851 3622 4044 7996 
3 3624 3623 3806 7997 
3 3624 3806 3627 7998 
3 3624 3627 3853 7999 
3 3853 4044 3624 8000 
3 3626 4042 3625 8001 
3 4042 4043 3625 8002 
3 4042 3626 3634 8003 
3 3634 3626 4046 8004 
3 3628 3853 3627 8005 
3 3853 3628 3854 8006 
3 3629 3630 3631 8007 
3 3629 3805 3630 8008 
3 3631 4048 3629 8009 
3 3854 3805 3629 8010 
3 3853 3854 3629 8011 
3 3855 3629 4048 8012 
3 3631 3636 4048 8013 
3 4052 3636 3631 8014 
3 4049 3643 3631 8015 
3 4052 3631 3643 8016 
3 3632 3640 3633 8017 
3 3640 3632 3859 8018 
3 3859 3632 3857 8019 
3 3640 4050 3633 8020 
3 3926 3633 4050 8021 
3 3635 3634 3856 8022 
3 4046 3856 3634 8023 
3 3634 4041 4042 8024 
3 4041 3634 4045 8025 
3 3768 3635 3856 8026 
3 3636 4052 3637 8027 
3 4052 4053 3637 8028 
3 3638 3667 3639 8029 
3 3667 3638 3865 8030 
3 3667 4054 3639 8031 
3 3641 3640 4056 8032 
3 3640 3859 4051 8033 
3 4051 4056 3640 8034 
3 3642 3670 3643 8035 
3 4052 3643 3670 8036 
3 3828 3645 3991 8037 
3 3646 3652 3649 8038 
3 3652 3647 3649 8039 
3 3651 3647 3652 8040 
3 3704 3649 3705 8041 
3 3663 3659 3658 8042 
3 3666 3663 3658 8043 
3 3666 3658 4054 8044 
3 3866 3824 3659 8045 
3 3661 3660 3868 8046 
3 3660 3867 3868 8047 
3 3664 3661 3868 8048 
3 3679 3664 3665 8049 
3 3679 3678 3664 8050 
3 3664 3868 3869 8051 
3 3666 3667 3668 8052 
3 3666 4054 3667 8053 
3 3868 3666 3668 8054 
3 3868 3867 3666 8055 
3 3667 3865 4055 8056 
3 3669 3670 3671 8057 
3 3669 4058 3670 8058 
3 3669 3870 4058 8059 
3 3670 4058 4052 8060 
3 3678 3679 3680 8061 
3 3887 3693 3695 8062 
3 3707 4040 4036 8068 
3 3920 3921 3719 8073 
3 3733 3929 3804 8074 
3 3840 3761 3841 8075 
3 3768 3856 3857 8076 
3 3973 3772 3771 8077 
3 3822 3973 3771 8078 
3 3921 3774 3922 8079 
3 3793 3872 3993 8085 
3 3802 3999 3845 8086 
3 4024 3804 3929 8087 
3 4003 3804 4024 8088 
3 3835 3837 3813 8089 
3 3835 3813 4028 8090 
3 3813 3837 4011 8091 
3 3972 3820 3822 8092 
3 3834 3835 3836 8094 
3 3835 3834 3837 8095 
3 3835 4027 3836 8096 
3 3835 4028 3840 8097 
3 3839 4032 3912 8098 
3 3999 3846 3845 8099 
3 3848 4039 3849 8100 
3 4039 3850 3849 8101 
3 3851 4044 3852 8102 
3 4044 3853 3852 8103 
3 4047 3855 4048 8104 
3 3857 3856 3859 8105 
3 3856 4046 3858 8106 
3 4047 3858 4046 8107 
3 3860 4051 3859 8108 
3 3862 4051 3860 8109 
3 3861 3862 3863 8110 
3 3862 3861 4051 8111 
3 3863 4056 3861 8112 
3 4056 4051 3861 8113 
3 3870 3863 3862 8114 
3 3862 4053 3870 8115 
3 3864 3865 3863 8116 
3 3863 3870 3864 8117 
3 4056 3863 3865 8118 
3 3864 4055 3865 8119 
3 3870 4055 3864 8120 
3 4057 3870 4053 8121 
3 3870 4057 4058 8122 
3 4052 4057 4053 8128 
3 4057 4052 4058 8129 
