3 3 4 1 1 
3 0 5 1 2 
3 3 1 5 3 
3 9 10 8 5 
3 8 7 11 6 
3 21 7 22 12 
3 34 35 36 25 
3 42 43 44 28 
3 52 44 53 32 
3 44 52 42 33 
3 54 55 56 34 
3 55 60 61 36 
3 60 63 61 38 
3 54 64 60 39 
3 55 54 60 40 
3 60 64 65 41 
3 65 63 60 42 
3 65 68 63 45 
3 77 78 79 49 
3 85 77 79 56 
3 91 92 77 58 
3 114 115 116 70 
3 124 36 35 77 
3 125 124 35 78 
3 127 128 129 81 
3 131 127 129 83 
3 129 133 134 85 
3 146 147 148 99 
3 148 151 146 101 
3 158 159 160 106 
3 161 160 159 107 
3 164 161 159 109 
3 165 160 161 110 
3 166 167 168 111 
3 170 171 168 114 
3 178 165 170 117 
3 2 209 210 132 
3 1 4 209 134 
3 2 1 209 135 
3 219 220 221 138 
3 222 210 209 139 
3 209 223 222 140 
3 224 222 223 141 
3 225 224 223 142 
3 220 219 226 143 
3 220 226 227 144 
3 233 219 221 147 
3 233 236 237 149 
3 237 219 233 150 
3 237 226 219 151 
3 237 129 128 152 
3 68 238 63 153 
3 239 63 238 154 
3 243 244 245 157 
3 246 247 248 158 
3 249 238 68 159 
3 250 251 252 160 
3 250 252 253 161 
3 238 254 239 162 
3 247 246 250 163 
3 250 244 243 166 
3 264 253 252 168 
3 250 243 251 169 
3 247 250 253 170 
3 22 151 270 173 
3 273 274 270 176 
3 270 151 273 177 
3 151 148 273 179 
3 273 148 274 180 
3 284 285 286 184 
3 287 288 274 185 
3 289 274 288 186 
3 290 288 287 187 
3 291 286 285 188 
3 292 287 293 189 
3 292 297 290 194 
3 314 315 293 205 
3 287 314 293 206 
3 292 293 325 211 
3 326 297 292 212 
3 326 292 325 214 
3 292 290 287 216 
3 338 293 339 219 
3 342 343 338 221 
3 342 338 344 222 
3 293 338 325 223 
3 338 343 325 224 
3 326 325 343 225 
3 252 345 264 226 
3 346 247 253 227 
3 237 133 129 228 
3 346 253 264 229 
3 227 226 237 232 
3 237 128 227 233 
3 79 245 351 242 
3 355 356 357 243 
3 78 358 245 244 
3 359 360 357 245 
3 77 361 78 246 
3 360 355 357 247 
3 243 245 358 248 
3 358 78 361 249 
3 245 79 78 251 
3 243 358 251 252 
3 365 366 367 253 
3 365 361 366 254 
3 361 368 366 255 
3 368 92 366 256 
3 365 251 358 257 
3 365 358 361 258 
3 77 368 361 259 
3 165 375 171 262 
3 160 165 178 263 
3 171 170 165 264 
3 36 124 178 265 
3 124 376 178 266 
3 178 170 36 267 
3 376 158 178 268 
3 160 178 158 269 
3 161 164 165 270 
3 377 375 378 271 
3 379 380 375 272 
3 379 375 164 273 
3 375 377 168 274 
3 375 168 171 275 
3 375 165 164 276 
3 381 382 383 277 
3 383 384 381 278 
3 385 382 381 279 
3 386 387 388 280 
3 387 381 384 281 
3 381 386 389 282 
3 384 388 387 283 
3 383 390 384 284 
3 384 390 391 285 
3 387 386 381 286 
3 383 382 392 287 
3 393 394 395 288 
3 394 396 395 289 
3 395 396 397 290 
3 396 398 397 291 
3 398 399 397 292 
3 357 356 442 316 
3 356 443 442 317 
3 445 446 447 320 
3 446 445 448 321 
3 356 445 449 322 
3 446 452 447 324 
3 449 452 453 325 
3 452 449 447 326 
3 360 448 445 327 
3 445 355 360 328 
3 445 447 449 329 
3 445 356 355 330 
3 509 510 511 368 
3 252 251 365 379 
3 252 365 527 380 
3 365 367 527 381 
3 252 527 345 383 
3 531 527 367 384 
3 367 536 531 387 
3 285 537 291 388 
3 538 539 540 389 
3 539 10 540 390 
3 539 8 10 391 
3 541 538 540 392 
3 254 542 543 393 
3 544 543 542 394 
3 254 545 542 395 
3 540 546 547 396 
3 540 547 541 397 
3 285 548 537 399 
3 85 538 541 401 
3 85 84 538 402 
3 84 539 538 408 
3 77 597 91 435 
3 541 547 91 437 
3 599 600 547 438 
3 600 91 547 439 
3 600 601 91 440 
3 610 611 612 444 
3 648 612 649 461 
3 649 611 650 462 
3 649 651 648 463 
3 649 652 651 464 
3 649 650 652 465 
3 612 611 649 467 
3 648 651 655 468 
3 660 661 662 472 
3 663 664 652 473 
3 648 655 665 474 
3 666 667 665 475 
3 660 668 669 476 
3 670 671 667 477 
3 668 672 669 478 
3 673 672 674 479 
3 669 672 673 480 
3 674 672 668 481 
3 674 675 673 482 
3 676 510 677 483 
3 673 678 679 484 
3 680 681 677 485 
3 682 545 254 486 
3 683 545 682 487 
3 254 684 682 488 
3 343 342 685 489 
3 297 685 686 490 
3 686 685 687 491 
3 685 342 687 492 
3 685 297 326 493 
3 343 685 326 494 
3 289 297 688 495 
3 288 290 289 496 
3 297 289 290 497 
3 689 690 289 498 
3 289 691 689 499 
3 692 690 270 501 
3 692 274 289 502 
3 289 688 691 503 
3 297 686 693 504 
3 686 694 693 505 
3 693 688 297 506 
3 697 693 694 508 
3 698 52 699 509 
3 52 698 700 510 
3 686 702 694 514 
3 703 704 705 515 
3 750 751 752 549 
3 342 757 687 552 
3 760 702 761 554 
3 764 765 766 556 
3 757 760 761 557 
3 761 686 687 558 
3 687 757 761 559 
3 765 764 767 560 
3 677 510 768 561 
3 768 680 677 563 
3 773 443 356 565 
3 443 774 775 566 
3 775 442 443 567 
3 509 768 510 568 
3 768 509 776 569 
3 811 812 813 591 
3 814 815 816 592 
3 815 811 817 593 
3 815 818 811 594 
3 665 655 666 595 
3 819 820 815 596 
3 818 815 820 597 
3 814 819 815 598 
3 666 670 667 599 
3 655 821 822 600 
3 823 670 822 601 
3 670 666 822 602 
3 824 825 826 603 
3 822 666 655 604 
3 826 825 820 605 
3 652 664 651 606 
3 826 820 819 607 
3 825 824 827 608 
3 828 818 820 609 
3 825 828 820 610 
3 832 833 828 614 
3 828 825 827 617 
3 664 836 837 618 
3 663 836 664 619 
3 838 839 840 620 
3 843 844 840 623 
3 840 845 843 625 
3 843 813 812 627 
3 704 843 845 628 
3 704 813 843 629 
3 837 847 848 630 
3 845 705 704 631 
3 837 836 847 632 
3 847 836 663 633 
3 849 705 845 634 
3 840 849 845 635 
3 91 601 92 638 
3 77 85 597 639 
3 91 597 541 640 
3 85 541 597 643 
3 859 860 599 644 
3 599 547 859 645 
3 9 8 11 646 
3 21 861 862 647 
3 871 546 9 652 
3 9 546 540 653 
3 547 546 871 656 
3 878 879 880 658 
3 879 871 880 660 
3 880 871 9 662 
3 9 886 880 664 
3 886 862 880 665 
3 879 547 871 669 
3 10 9 540 671 
3 11 886 9 672 
3 862 861 880 673 
3 894 880 861 674 
3 894 878 880 675 
3 894 895 896 676 
3 766 897 764 677 
3 897 766 898 678 
3 443 897 774 679 
3 443 773 897 680 
3 899 764 897 681 
3 899 900 764 682 
3 901 767 764 683 
3 900 901 764 684 
3 673 679 669 685 
3 902 673 903 686 
3 902 678 673 687 
3 669 679 661 688 
3 675 904 903 689 
3 679 662 661 690 
3 811 818 905 691 
3 905 812 811 692 
3 901 900 906 693 
3 899 906 900 694 
3 453 906 899 695 
3 899 449 453 696 
3 899 897 773 697 
3 773 449 899 698 
3 773 356 449 699 
3 916 917 918 715 
3 921 918 917 717 
3 924 925 926 719 
3 926 928 924 723 
3 925 924 929 724 
3 818 828 833 728 
3 821 651 664 734 
3 832 941 833 736 
3 822 821 942 738 
3 832 943 944 739 
3 821 655 651 740 
3 941 832 945 741 
3 664 837 821 742 
3 942 823 822 743 
3 905 946 812 744 
3 951 952 944 747 
3 953 823 942 748 
3 827 943 828 749 
3 833 941 818 750 
3 818 941 905 752 
3 955 225 223 753 
3 941 945 905 755 
3 209 955 223 756 
3 956 953 942 757 
3 828 943 832 758 
3 945 832 952 759 
3 957 821 837 760 
3 944 952 832 761 
3 958 952 951 762 
3 942 957 956 763 
3 813 817 811 766 
3 838 840 961 767 
3 962 817 704 768 
3 963 751 964 769 
3 813 704 817 770 
3 961 840 844 771 
3 965 964 760 772 
3 966 844 843 773 
3 965 760 757 774 
3 967 968 969 775 
3 757 969 968 776 
3 968 965 757 777 
3 968 967 965 778 
3 965 967 973 780 
3 974 975 961 781 
3 961 844 966 783 
3 966 974 961 784 
3 978 974 966 785 
3 974 978 980 787 
3 686 761 702 788 
3 760 964 702 789 
3 981 694 702 790 
3 702 982 981 791 
3 751 750 702 794 
3 702 964 751 795 
3 985 750 986 796 
3 986 750 752 797 
3 752 987 986 798 
3 966 1006 978 811 
3 966 1007 1006 813 
3 849 839 1005 818 
3 840 839 849 819 
3 815 817 962 828 
3 916 929 924 833 
3 916 918 929 835 
3 815 962 1029 843 
3 925 929 1034 850 
3 209 4 1038 855 
3 918 1040 929 857 
3 1041 1040 918 858 
3 1042 1043 1040 859 
3 1040 1034 929 862 
3 1047 1038 1048 863 
3 1042 1040 1041 864 
3 1049 1050 1042 865 
3 1040 1043 1051 867 
3 896 878 894 868 
3 1034 1040 1051 869 
3 878 896 879 870 
3 1052 1051 1043 871 
3 1038 955 209 872 
3 859 879 1053 873 
3 895 1054 1055 874 
3 956 957 1057 876 
3 956 1059 1060 878 
3 942 821 957 879 
3 1061 925 1062 881 
3 1055 1065 895 883 
3 1066 1065 1067 885 
3 1066 896 1065 887 
3 1053 1066 1067 890 
3 895 1065 896 891 
3 879 896 1066 892 
3 1053 879 1066 893 
3 926 925 1061 895 
3 1061 1072 926 897 
3 1067 1065 1055 900 
3 953 956 1060 914 
3 221 1072 233 915 
3 1072 1061 1094 916 
3 1034 1062 925 917 
3 1095 671 1096 921 
3 704 703 1029 924 
3 704 1029 962 925 
3 1095 1096 1098 926 
3 1098 1096 1099 927 
3 1062 1034 1101 929 
3 1034 1051 1101 931 
3 1099 1096 1107 934 
3 1096 670 1107 936 
3 1096 671 670 937 
3 1051 1109 1101 938 
3 1112 1113 1101 943 
3 1116 1062 1113 946 
3 1107 1121 1099 949 
3 670 823 1107 954 
3 1067 860 859 960 
3 1067 859 1053 962 
3 547 879 859 964 
3 368 77 92 997 
3 1204 1055 1205 1002 
3 1067 1055 1208 1004 
3 1055 1204 1208 1006 
3 1211 1208 1204 1007 
3 1216 1217 1205 1010 
3 1208 1211 1218 1011 
3 1211 1204 1205 1012 
3 1038 4 1048 1018 
3 691 1222 689 1022 
3 894 1222 895 1023 
3 861 690 894 1024 
3 690 689 1222 1025 
3 1223 1222 691 1026 
3 690 1222 894 1027 
3 692 289 690 1028 
3 895 1222 1223 1029 
3 861 21 690 1030 
3 688 1224 691 1031 
3 688 693 1224 1032 
3 1224 693 697 1033 
3 1225 1226 1227 1034 
3 1205 1055 1216 1035 
3 1216 1055 1054 1036 
3 691 1224 1223 1037 
3 1054 895 1228 1038 
3 1216 1054 1228 1039 
3 1228 1229 1216 1040 
3 1230 1229 1228 1041 
3 1231 511 955 1042 
3 1231 955 1232 1043 
3 1230 1228 697 1044 
3 1223 1228 895 1045 
3 697 1228 1224 1046 
3 1228 1223 1224 1047 
3 955 1038 1232 1048 
3 697 981 1230 1049 
3 697 694 981 1050 
3 1230 981 1229 1051 
3 981 1216 1229 1052 
3 1048 4 1047 1053 
3 1233 1234 1235 1054 
3 1098 1236 1235 1055 
3 1237 1233 1238 1056 
3 1233 1235 1238 1057 
3 1236 1098 1099 1058 
3 1121 1239 1099 1059 
3 1239 1236 1099 1060 
3 1244 1107 823 1065 
3 823 953 1244 1066 
3 1244 1121 1107 1067 
3 1248 1249 1250 1073 
3 1249 1254 1239 1075 
3 1254 1249 1248 1076 
3 1121 1249 1239 1077 
3 1249 1244 1250 1078 
3 1249 1121 1244 1079 
3 1250 1244 953 1080 
3 1236 1258 1235 1082 
3 1236 1259 1258 1083 
3 1258 1238 1235 1084 
3 1062 1101 1113 1085 
3 1260 1113 1112 1086 
3 1261 1112 1101 1087 
3 1061 1116 1094 1088 
3 1061 1062 1116 1089 
3 1239 1259 1236 1090 
3 1109 1262 1261 1091 
3 1259 1238 1258 1092 
3 1109 1110 1263 1094 
3 1113 1260 1116 1096 
3 1261 1101 1109 1099 
3 1265 1266 1226 1100 
3 1110 1109 1267 1105 
3 1268 1254 1269 1108 
3 1109 1051 1052 1112 
3 766 765 898 1113 
3 1255 1264 1271 1115 
3 1264 1259 1271 1116 
3 765 767 1272 1117 
3 1259 1239 1254 1118 
3 1272 1273 765 1119 
3 1259 1264 1238 1120 
3 1268 1259 1254 1122 
3 847 399 398 1125 
3 1277 1231 1047 1126 
3 1273 917 765 1133 
3 1273 921 917 1135 
3 917 898 765 1136 
3 837 848 1285 1138 
3 1285 957 837 1140 
3 1288 901 1289 1142 
3 1272 1288 1290 1143 
3 901 906 1289 1144 
3 1272 901 1288 1147 
3 767 901 1272 1150 
3 1273 1272 1298 1153 
3 1302 1290 1303 1157 
3 1303 1288 1289 1158 
3 1303 1290 1288 1159 
3 1298 1290 1302 1160 
3 1298 1272 1290 1161 
3 1313 981 985 1175 
3 1313 1314 1217 1176 
3 985 981 982 1177 
3 1217 1216 981 1178 
3 1315 1273 1298 1179 
3 1313 1217 981 1180 
3 1316 1315 1298 1181 
3 921 1273 1315 1189 
3 1315 1321 921 1190 
3 1049 1041 921 1191 
3 921 1041 918 1192 
3 1231 1232 1047 1193 
3 1232 1038 1047 1194 
3 1322 1047 4 1195 
3 1330 1331 1265 1199 
3 1041 1049 1042 1200 
3 1049 1321 1332 1201 
3 1332 1050 1049 1202 
3 1321 1049 921 1205 
3 1334 1333 1332 1207 
3 1332 1321 1336 1209 
3 1337 1338 1336 1210 
3 1315 1316 1337 1211 
3 1337 1321 1315 1212 
3 1336 1321 1337 1213 
3 1338 1332 1336 1214 
3 1339 1338 1337 1215 
3 1340 1341 1338 1216 
3 1342 1341 1340 1217 
3 1342 1340 1343 1218 
3 1343 1302 1303 1219 
3 1344 1343 1345 1220 
3 1339 1337 1316 1221 
3 1340 1338 1339 1222 
3 1298 1302 1339 1223 
3 1316 1298 1339 1224 
3 1302 1343 1339 1225 
3 1339 1343 1340 1226 
3 1366 1367 1368 1246 
3 1368 1367 1369 1247 
3 1366 1266 1367 1248 
3 1007 1370 1006 1249 
3 1266 1366 1371 1250 
3 824 1368 1369 1251 
3 1372 1226 1225 1252 
3 1006 1374 1373 1254 
3 980 978 1006 1255 
3 1375 1370 1376 1256 
3 1265 1367 1266 1257 
3 1374 1377 1378 1258 
3 1377 1374 1375 1261 
3 1369 827 824 1262 
3 824 826 1368 1263 
3 1007 1376 1370 1264 
3 826 1379 1368 1265 
3 1380 1376 1007 1266 
3 1368 1379 1366 1267 
3 1371 1226 1266 1269 
3 1374 1006 1375 1270 
3 1382 1383 1384 1271 
3 1006 1370 1375 1273 
3 1378 1386 1374 1275 
3 1387 1383 1382 1276 
3 1389 1382 1390 1278 
3 662 1391 660 1280 
3 660 1391 975 1281 
3 660 669 661 1282 
3 668 980 1373 1302 
3 674 668 1374 1303 
3 1373 1374 668 1305 
3 668 660 980 1306 
3 975 974 980 1307 
3 980 660 975 1308 
3 838 961 975 1312 
3 952 1403 1380 1313 
3 1007 1405 1380 1316 
3 958 1376 1403 1317 
3 702 750 982 1318 
3 1405 966 1406 1319 
3 1380 1403 1376 1320 
3 1314 1205 1217 1321 
3 1314 1211 1205 1322 
3 1407 1211 1314 1323 
3 1408 1377 1376 1324 
3 1376 1377 1375 1325 
3 1408 1376 958 1326 
3 1380 905 945 1327 
3 843 812 1406 1328 
3 812 946 1406 1329 
3 1406 966 843 1330 
3 1409 1313 985 1331 
3 1007 966 1405 1332 
3 958 1410 1408 1333 
3 945 952 1380 1334 
3 985 982 750 1335 
3 4 3 1322 1336 
3 1380 1405 1406 1337 
3 986 1411 985 1338 
3 1380 946 905 1339 
3 946 1380 1406 1340 
3 1047 1322 1412 1341 
3 1047 1417 1418 1347 
3 1277 1047 1418 1350 
3 1412 1322 3 1352 
3 1417 1047 1412 1355 
3 1424 1425 1404 1357 
3 1412 3 1417 1359 
3 1427 1428 1429 1361 
3 986 1430 1411 1362 
3 1409 1411 1432 1364 
3 1411 1433 1432 1365 
3 1409 1314 1313 1366 
3 1409 985 1411 1368 
3 958 1403 952 1369 
3 1432 1407 1314 1370 
3 1432 1314 1409 1371 
3 1435 601 600 1372 
3 1436 1435 860 1373 
3 600 599 860 1374 
3 860 1435 600 1375 
3 367 366 536 1377 
3 1441 1330 1372 1381 
3 1372 1442 1441 1382 
3 1435 92 601 1384 
3 1443 536 1444 1386 
3 536 1445 1444 1387 
3 536 366 1449 1392 
3 536 1443 531 1393 
3 1435 1449 366 1394 
3 1057 957 1285 1407 
3 1057 1059 956 1408 
3 1456 1059 1057 1409 
3 1338 1334 1332 1412 
3 1338 1341 1453 1414 
3 1453 1454 1338 1416 
3 1454 1334 1338 1419 
3 1456 1464 1465 1437 
3 1456 1285 1466 1438 
3 1467 1468 1469 1439 
3 1285 1456 1057 1440 
3 1468 1470 1471 1441 
3 1473 1456 1466 1443 
3 1474 1475 1476 1444 
3 1469 1477 1467 1445 
3 1473 1466 1478 1446 
3 1479 1467 1477 1447 
3 233 1477 1469 1448 
3 1094 1479 1477 1449 
3 1478 1480 1473 1450 
3 1470 1468 1467 1451 
3 1481 1482 1479 1452 
3 1474 1487 134 1457 
3 133 1474 134 1458 
3 1480 1488 1473 1459 
3 1488 1464 1473 1460 
3 1445 536 1449 1465 
3 1435 366 92 1466 
3 1265 1372 1330 1467 
3 1330 1441 1491 1468 
3 1226 1372 1265 1469 
3 1436 1492 1493 1470 
3 1494 1208 1218 1471 
3 1494 1067 1208 1472 
3 3 1495 1417 1473 
3 1436 1494 1218 1474 
3 1449 1493 1445 1475 
3 1493 1435 1436 1476 
3 1067 1494 860 1480 
3 1436 860 1494 1481 
3 1218 1492 1436 1483 
3 1449 1435 1493 1485 
3 955 510 225 1506 
3 1231 776 511 1510 
3 1513 1425 1546 1524 
3 1413 1429 1428 1531 
3 133 1475 1474 1536 
3 1554 1555 1491 1537 
3 1556 1557 1558 1538 
3 1555 1383 1491 1539 
3 1555 1384 1383 1540 
3 1475 133 1559 1541 
3 1560 1561 1559 1542 
3 133 1560 1559 1543 
3 1561 1469 1468 1545 
3 236 1469 1561 1548 
3 1561 237 236 1550 
3 236 233 1469 1551 
3 1441 1442 1491 1552 
3 1387 1491 1383 1553 
3 133 237 1560 1554 
3 1546 1565 1513 1556 
3 1560 237 1561 1557 
3 1559 1561 1468 1560 
3 1567 1559 1468 1561 
3 1569 1570 1556 1563 
3 1557 1556 1571 1564 
3 1571 1413 1557 1565 
3 1413 1558 1557 1566 
3 776 509 511 1567 
3 955 511 510 1568 
3 1413 1571 1429 1570 
3 776 1277 1573 1575 
3 1387 1330 1491 1577 
3 965 973 1577 1579 
3 1277 776 1231 1580 
3 1573 681 680 1583 
3 1573 680 776 1584 
3 964 965 1577 1585 
3 680 768 776 1586 
3 1579 752 963 1587 
3 964 1577 963 1588 
3 3 1580 1495 1589 
3 1417 1495 1418 1590 
3 963 752 751 1592 
3 1418 1495 1582 1596 
3 1556 1570 1583 1599 
3 1418 1582 1584 1601 
3 1418 1584 1277 1602 
3 1585 1586 1577 1604 
3 963 1577 1586 1605 
3 963 1586 1579 1607 
3 1585 1583 1586 1608 
3 1570 1586 1583 1610 
3 1585 1577 973 1615 
3 1571 1556 1594 1619 
3 958 951 1595 1620 
3 1585 1594 1556 1621 
3 1583 1585 1556 1622 
3 1430 986 987 1625 
3 1390 1382 1384 1638 
3 674 1374 1386 1639 
3 1607 675 1386 1640 
3 1556 1558 1569 1641 
3 1573 1277 1584 1642 
3 904 675 1608 1643 
3 1609 1569 1558 1644 
3 1608 1610 904 1645 
3 1584 1611 1573 1646 
3 675 1607 1608 1647 
3 1570 1612 1613 1648 
3 1586 1570 1613 1650 
3 903 673 675 1651 
3 1580 1614 1582 1652 
3 1569 1612 1570 1653 
3 1586 1613 1579 1654 
3 1386 1378 1607 1655 
3 752 1579 987 1656 
3 1607 1378 1615 1657 
3 1378 1377 1615 1658 
3 1616 987 1579 1659 
3 1408 1615 1377 1660 
3 1607 1615 1608 1661 
3 1432 1433 1407 1662 
3 1608 1615 1617 1663 
3 1618 1407 1433 1664 
3 1618 1211 1407 1665 
3 1619 1408 1620 1666 
3 1621 1408 1619 1667 
3 1622 1614 1623 1668 
3 1619 1624 1621 1669 
3 1625 1624 1626 1670 
3 1582 1622 1584 1671 
3 1627 1618 1433 1672 
3 1624 1617 1621 1673 
3 1218 1627 1492 1674 
3 1218 1618 1627 1675 
3 1584 1622 1623 1676 
3 1615 1408 1621 1677 
3 1628 1492 1627 1678 
3 1611 1584 1623 1679 
3 1492 1445 1493 1680 
3 1614 677 1623 1681 
3 1444 1445 1492 1682 
3 1624 1625 1617 1683 
3 1492 1628 1444 1684 
3 1611 1623 677 1685 
3 1218 1211 1618 1686 
3 681 1611 677 1687 
3 1629 1617 1625 1688 
3 681 1573 1611 1689 
3 1629 1608 1617 1690 
3 1617 1615 1621 1691 
3 1629 1610 1608 1692 
3 1475 1630 1631 1694 
3 1632 1633 346 1695 
3 1634 1635 1636 1696 
3 1475 1559 1630 1697 
3 247 346 1633 1698 
3 1559 1567 1630 1699 
3 1630 1637 1631 1700 
3 1638 1637 1630 1701 
3 1639 677 1640 1702 
3 1636 1641 1633 1703 
3 1632 1636 1633 1704 
3 1468 1471 1642 1705 
3 1642 1567 1468 1706 
3 1636 1635 1643 1707 
3 346 264 345 1708 
3 1640 1647 1648 1711 
3 1634 346 345 1713 
3 1632 1634 1636 1714 
3 1635 1634 1650 1715 
3 1651 1650 1634 1716 
3 378 1480 1478 1717 
3 1652 1488 1480 1718 
3 1638 1630 1567 1724 
3 1567 1642 1638 1726 
3 345 1651 1634 1727 
3 1634 1632 346 1728 
3 1456 1473 1464 1733 
3 1642 1666 1638 1734 
3 1465 1488 1667 1735 
3 1667 1488 1670 1740 
3 1465 1464 1488 1741 
3 953 1060 1250 1750 
3 1679 1254 1248 1751 
3 1680 1389 1390 1752 
3 1681 1389 1680 1753 
3 1681 1680 1682 1754 
3 1686 1687 1688 1763 
3 1688 1390 1686 1769 
3 1680 1390 1682 1770 
3 1682 1390 1688 1771 
3 1693 1682 1688 1772 
3 1693 116 115 1774 
3 56 1693 54 1777 
3 115 54 1693 1778 
3 116 1693 1688 1779 
3 1681 1693 56 1780 
3 1693 1681 1682 1784 
3 1701 1702 1703 1787 
3 1643 1635 1650 1788 
3 1261 1704 1112 1789 
3 1704 1260 1112 1792 
3 1705 1260 1704 1793 
3 1260 1094 1116 1794 
3 1702 1706 1707 1795 
3 1706 1702 1701 1796 
3 1706 1701 1708 1797 
3 1650 1701 1703 1798 
3 1701 1709 1708 1799 
3 1260 1479 1094 1800 
3 1704 1710 1711 1802 
3 1704 1711 1705 1803 
3 1712 1711 1710 1804 
3 1709 1701 1651 1809 
3 1650 1651 1701 1810 
3 1717 345 1718 1811 
3 1722 1718 527 1813 
3 1717 1718 1722 1816 
3 527 1718 345 1817 
3 1723 1717 1722 1818 
3 1723 1651 1717 1819 
3 1651 345 1717 1820 
3 1727 1651 1723 1824 
3 1729 1707 1706 1826 
3 1729 1730 1707 1827 
3 1481 1479 1260 1846 
3 1260 1705 1481 1848 
3 1753 902 1754 1850 
3 902 1753 678 1861 
3 902 903 904 1862 
3 904 1758 902 1864 
3 1765 1470 1467 1866 
3 902 1758 1754 1868 
3 1765 1467 1479 1869 
3 1610 1758 904 1872 
3 1613 1616 1579 1873 
3 1772 987 1616 1875 
3 1777 1546 1425 1883 
3 1479 1482 1765 1892 
3 1789 1482 1481 1893 
3 1789 1765 1482 1894 
3 1790 1765 1789 1895 
3 1791 1792 1774 1896 
3 1757 1791 1774 1897 
3 1471 1470 1799 1908 
3 1800 1799 1470 1911 
3 1799 1666 1471 1912 
3 1470 1765 1800 1914 
3 1801 1800 1790 1915 
3 1765 1790 1800 1917 
3 1789 1801 1790 1918 
3 1803 1758 1629 1919 
3 1610 1629 1758 1920 
3 1705 1789 1481 1921 
3 1626 1804 1629 1922 
3 1626 1629 1625 1924 
3 1705 1801 1789 1925 
3 1729 1727 1815 1930 
3 1727 1820 1815 1935 
3 1820 1727 1723 1937 
3 1823 1713 1746 1941 
3 1706 1708 1729 1942 
3 1730 1825 1826 1944 
3 1825 1730 1729 1946 
3 1825 1729 1815 1947 
3 1729 1708 1709 1948 
3 1727 1729 1709 1950 
3 1709 1651 1727 1951 
3 1711 1801 1705 1962 
3 1269 1254 1679 1975 
3 1268 1860 1271 1980 
3 1269 1860 1268 1983 
3 1268 1271 1259 1993 
3 1883 1884 1791 2002 
3 1884 1886 1791 2004 
3 1758 1883 1757 2005 
3 1757 1883 1791 2007 
3 1791 1888 1792 2010 
3 1890 1891 1892 2013 
3 1884 1893 1894 2014 
3 1895 1893 1884 2015 
3 1890 1896 1897 2016 
3 1712 1898 1801 2017 
3 1711 1712 1801 2019 
3 1900 1890 1901 2020 
3 1900 1896 1890 2021 
3 1629 1804 1803 2022 
3 1883 1758 1803 2024 
3 1667 1902 1903 2025 
3 1804 1895 1883 2028 
3 1803 1804 1883 2030 
3 1804 1626 1905 2032 
3 1804 1909 1895 2034 
3 1909 1893 1895 2035 
3 1913 1894 1914 2039 
3 1894 1893 1909 2041 
3 1667 1903 1900 2047 
3 1917 1918 1919 2048 
3 1903 1920 1900 2049 
3 1900 1920 1896 2050 
3 1920 1897 1896 2051 
3 1909 1918 1917 2053 
3 1918 1909 1922 2054 
3 1914 1909 1917 2055 
3 1804 1923 1909 2056 
3 1883 1895 1884 2058 
3 1860 1269 1925 2059 
3 1894 1909 1914 2060 
3 1269 1926 1925 2061 
3 1929 1638 1930 2066 
3 1925 1878 1860 2067 
3 1931 1619 1932 2068 
3 1890 1897 1926 2071 
3 1637 1638 1929 2072 
3 1931 1624 1619 2073 
3 1926 1934 1890 2074 
3 1926 1269 1934 2075 
3 1932 1619 1620 2076 
3 1933 1935 1936 2077 
3 1925 1926 1935 2079 
3 1408 1410 1620 2081 
3 1926 1936 1935 2082 
3 1931 1932 1943 2085 
3 1932 1946 1947 2087 
3 1925 1935 1933 2089 
3 1410 1946 1932 2091 
3 1932 1620 1410 2093 
3 1897 1936 1926 2095 
3 1932 1947 1943 2097 
3 1952 1946 1410 2098 
3 1410 958 1595 2102 
3 1933 1878 1925 2105 
3 158 1964 159 2110 
3 1946 1965 1947 2111 
3 1952 1410 1595 2112 
3 1952 1595 1966 2113 
3 1965 1946 1952 2114 
3 1929 1930 1976 2124 
3 1986 1976 1930 2130 
3 3 5 1580 2145 
3 1580 2005 1614 2146 
3 1495 1580 1582 2148 
3 2005 1640 677 2149 
3 677 1614 2005 2150 
3 1622 1582 1614 2151 
3 1640 2005 1647 2154 
3 378 380 2007 2156 
3 2007 1480 378 2157 
3 2008 2009 2005 2158 
3 2009 284 1647 2160 
3 2009 2008 284 2161 
3 1647 2005 2009 2163 
3 379 2023 2007 2173 
3 379 2024 2023 2174 
3 2007 380 379 2175 
3 1652 1480 2007 2176 
3 2024 379 159 2177 
3 378 375 380 2179 
3 2007 2023 1652 2181 
3 164 159 379 2182 
3 2024 2048 2023 2195 
3 2024 159 2048 2196 
3 159 1964 2048 2197 
3 2048 2049 2023 2198 
3 2050 2023 2049 2199 
3 2048 2054 2055 2203 
3 1670 1488 1652 2218 
3 1667 2071 1902 2220 
3 1667 1670 2071 2221 
3 2049 2074 2050 2223 
3 2071 1670 2050 2225 
3 1652 2050 1670 2226 
3 1652 2023 2050 2227 
3 2055 2049 2048 2228 
3 2074 2071 2050 2230 
3 2081 2049 2082 2231 
3 2055 2082 2049 2232 
3 2081 2074 2049 2234 
3 2102 1558 1565 2249 
3 1558 2102 2110 2253 
3 2111 2110 2102 2254 
3 1565 1558 1413 2258 
3 2119 1546 1777 2260 
3 2119 1777 1424 2265 
3 2138 2102 2139 2273 
3 2139 1546 2119 2280 
3 2102 1565 2139 2282 
3 1546 2139 1565 2283 
3 284 2008 285 2284 
3 1580 2152 2008 2285 
3 2153 2154 2155 2286 
3 1580 2008 2005 2287 
3 1986 2153 2155 2288 
3 2156 2111 2102 2289 
3 2155 1976 1986 2290 
3 1609 1558 2110 2291 
3 1424 2165 2119 2298 
3 1986 2174 2153 2303 
3 2138 2119 2165 2305 
3 2138 2139 2119 2314 
3 2194 2102 2138 2323 
3 1471 1666 1642 2324 
3 2194 2138 2165 2325 
3 2197 2198 2199 2330 
3 2198 2197 2200 2333 
3 2201 2197 2202 2335 
3 1730 2227 1707 2351 
3 1702 1707 2227 2352 
3 2227 2234 1702 2356 
3 2234 2235 2236 2357 
3 2236 2237 2234 2358 
3 2236 2238 2237 2360 
3 2234 2227 2235 2363 
3 2110 2257 1609 2378 
3 2257 2110 2111 2380 
3 2111 2261 2257 2382 
3 2238 2265 2237 2385 
3 2265 2268 2269 2387 
3 2265 2274 2237 2390 
3 2269 2274 2265 2393 
3 1943 2313 1931 2417 
3 2315 2313 1943 2419 
3 2337 2338 2339 2434 
3 1905 1626 2313 2497 
3 2313 2426 1905 2501 
3 1624 2313 1626 2505 
3 2315 2426 2313 2507 
3 1624 1931 2313 2508 
3 2434 1919 2435 2509 
3 2426 2439 2440 2511 
3 1923 2440 1922 2512 
3 1922 2441 1918 2513 
3 1919 1918 2441 2514 
3 2441 2435 1919 2516 
3 1909 1923 1922 2518 
3 1905 1923 1804 2520 
3 1905 2426 2440 2522 
3 1923 1905 2440 2527 
3 2440 2441 1922 2529 
3 2451 2435 2440 2530 
3 2440 2435 2441 2531 
3 1943 1947 2315 2532 
3 1947 2452 2315 2533 
3 2426 2458 2439 2537 
3 2426 2315 2458 2539 
3 2452 2458 2315 2540 
3 2460 2461 2458 2542 
3 2466 2467 2468 2545 
3 2439 2466 2440 2546 
3 2439 2467 2466 2547 
3 2439 2461 2467 2548 
3 2474 1609 2257 2554 
3 2475 2476 2477 2555 
3 2261 2478 2257 2556 
3 2257 2478 2479 2557 
3 1903 1902 1920 2568 
3 1902 2485 1920 2569 
3 1920 1936 1897 2573 
3 1936 1920 2487 2575 
3 2488 2081 2082 2576 
3 2074 2485 1902 2578 
3 2490 2485 2476 2579 
3 2488 2074 2081 2584 
3 2492 2476 2475 2586 
3 2488 2485 2074 2587 
3 1902 2071 2074 2588 
3 2488 2476 2485 2589 
3 2156 2261 2111 2590 
3 2490 2487 2485 2591 
3 2487 1920 2485 2592 
3 2102 2493 2156 2593 
3 2261 2156 2478 2596 
3 2156 2495 2496 2597 
3 2198 1986 2199 2598 
3 1930 2199 1986 2599 
3 1666 2202 2199 2600 
3 2199 1930 1638 2601 
3 2199 2202 2197 2602 
3 1638 1666 2199 2603 
3 2202 1666 1799 2604 
3 2493 2194 2497 2605 
3 2498 2339 2499 2606 
3 2102 2194 2493 2608 
3 2338 2499 2339 2609 
3 2499 2502 2498 2610 
3 2339 2498 2504 2612 
3 2504 2337 2339 2613 
3 2487 2490 1936 2615 
3 2476 2492 2490 2616 
3 2493 2509 2495 2620 
3 2510 2511 2512 2621 
3 2510 2513 2511 2622 
3 2522 1986 2198 2631 
3 2523 2524 2338 2632 
3 2499 2524 2510 2633 
3 2524 2513 2510 2634 
3 2499 2338 2524 2635 
3 1986 2527 2174 2637 
3 2531 2532 2511 2642 
3 2533 2531 2511 2645 
3 2512 2511 2532 2646 
3 1936 2490 2534 2647 
3 2500 2503 2535 2650 
3 2535 2537 2538 2653 
3 1936 2534 1933 2654 
3 1933 2534 2537 2655 
3 2539 2532 2540 2656 
3 2492 2538 2534 2657 
3 2492 2534 2490 2658 
3 2532 2531 2541 2660 
3 2535 1933 2537 2662 
3 2541 2540 2532 2663 
3 2537 2534 2538 2665 
3 2488 2082 2477 2666 
3 2476 2488 2477 2667 
3 2542 2543 2544 2668 
3 2545 847 398 2669 
3 2544 2504 2542 2670 
3 398 396 2545 2671 
3 2504 2544 2337 2672 
3 396 1478 2545 2673 
3 2545 1478 1466 2674 
3 2337 2546 2547 2675 
3 2545 1466 1285 2676 
3 2545 1285 848 2677 
3 2545 848 847 2678 
3 2542 2548 2543 2679 
3 1060 2549 1892 2680 
3 2544 2543 2546 2681 
3 1059 2549 1060 2682 
3 1900 2550 1667 2683 
3 2542 2551 2548 2684 
3 2550 1465 1667 2685 
3 2552 2550 1900 2686 
3 1465 2550 2552 2687 
3 1901 2552 1900 2688 
3 2549 1059 2552 2689 
3 1456 2552 1059 2690 
3 2543 2553 2546 2691 
3 1456 1465 2552 2692 
3 1892 1250 1060 2693 
3 2547 2554 2337 2694 
3 1891 1934 1679 2695 
3 2546 2337 2544 2696 
3 1890 1934 1891 2697 
3 1269 1679 1934 2698 
3 1890 1892 1901 2699 
3 1892 1679 1250 2700 
3 2549 2552 1892 2701 
3 1892 1891 1679 2702 
3 2552 1901 1892 2703 
3 1248 1250 1679 2705 
3 2556 2527 2557 2706 
3 2558 2559 286 2707 
3 2560 2527 2522 2708 
3 2527 1986 2522 2709 
3 2200 2522 2198 2711 
3 2200 2560 2522 2713 
3 2467 2567 2568 2715 
3 2467 2568 2468 2716 
3 2458 2461 2439 2718 
3 2461 2569 2467 2719 
3 1369 1367 2571 2722 
3 1331 2571 1367 2723 
3 1369 2571 827 2726 
3 1367 1265 1331 2729 
3 2268 2265 2578 2730 
3 1331 2579 2571 2731 
3 943 2582 2583 2733 
3 2584 2585 2586 2735 
3 2509 2493 2497 2736 
3 2165 2585 2497 2738 
3 2194 2165 2497 2739 
3 2509 2497 2587 2741 
3 2588 2265 2589 2744 
3 2588 2578 2265 2746 
3 2265 2238 2589 2750 
3 2238 2236 2589 2751 
3 2594 2589 2236 2755 
3 2597 2598 2599 2759 
3 2227 1730 2600 2760 
3 2227 2601 2235 2761 
3 2174 2527 2602 2762 
3 2602 2527 2556 2763 
3 2174 2602 2603 2764 
3 2603 2602 2606 2768 
3 2597 2599 2606 2772 
3 2601 2611 2594 2777 
3 2601 2236 2235 2778 
3 2594 2236 2601 2779 
3 2156 2493 2495 2780 
3 2611 2601 2612 2781 
3 2496 2495 2613 2782 
3 2509 2613 2495 2783 
3 2496 2616 2617 2786 
3 2602 2556 2606 2791 
3 2617 2156 2496 2793 
3 2556 2557 2621 2795 
3 2622 2617 2623 2797 
3 2617 2616 2623 2798 
3 2624 2625 2621 2799 
3 2597 2556 2626 2800 
3 2597 2606 2556 2803 
3 2582 2571 2579 2804 
3 2633 951 944 2807 
3 2583 2634 2635 2810 
3 2633 944 2583 2816 
3 2579 2583 2582 2818 
3 2579 2634 2583 2819 
3 2634 2579 2640 2820 
3 944 943 2583 2822 
3 2643 2644 2645 2823 
3 2648 2644 2643 2825 
3 827 2582 943 2826 
3 827 2571 2582 2827 
3 2649 2648 2643 2828 
3 1331 2640 2579 2830 
3 2649 2598 2648 2831 
3 2648 2556 2621 2832 
3 2598 2597 2648 2833 
3 2626 2556 2648 2834 
3 2652 2653 2654 2835 
3 2652 2655 2653 2836 
3 1389 2652 1382 2837 
3 2653 2655 2656 2838 
3 2 210 2657 2839 
3 2658 2657 210 2840 
3 1387 2652 2659 2841 
3 1387 1382 2652 2842 
3 1389 2656 2655 2843 
3 1389 2655 2652 2844 
3 2583 2660 2633 2845 
3 1595 951 2633 2846 
3 2633 1966 1595 2847 
3 2661 1966 2633 2848 
3 2662 2601 2227 2849 
3 2600 2662 2227 2850 
3 2600 2667 2662 2853 
3 2612 2601 2662 2854 
3 2667 2600 1730 2859 
3 2681 2635 2634 2873 
3 2635 2681 2660 2874 
3 2583 2635 2660 2875 
3 2588 2589 2682 2876 
3 2682 2589 2611 2877 
3 2683 2588 2682 2878 
3 2589 2594 2611 2879 
3 2611 2612 2689 2882 
3 2689 2612 2662 2893 
3 2682 2700 2701 2894 
3 2682 2611 2700 2895 
3 1815 1820 2708 2898 
3 1723 2714 1820 2902 
3 2724 2 2725 2909 
3 2657 2725 2 2910 
3 1005 2765 2766 2944 
3 2767 2766 2765 2945 
3 2766 849 1005 2946 
3 2768 2769 703 2947 
3 705 849 2766 2948 
3 2767 2770 2766 2949 
3 2776 2777 2778 2953 
3 2779 2780 2781 2954 
3 2778 2783 2776 2956 
3 2776 2780 2779 2962 
3 2543 2548 2559 2963 
3 2776 2779 2777 2964 
3 2780 2784 2781 2965 
3 2796 2640 1331 2978 
3 1331 1330 2796 2979 
3 2626 2648 2597 2980 
3 2797 2640 2796 2981 
3 2523 2798 2799 2982 
3 2798 2338 2337 2983 
3 2798 2523 2338 2984 
3 2524 2523 2799 2985 
3 2798 2337 2554 2986 
3 2554 2800 2798 2987 
3 2801 2802 2803 2988 
3 2804 2805 2803 2989 
3 2806 2801 2803 2990 
3 2807 2804 2802 2991 
3 2804 2803 2802 2992 
3 2808 2513 2524 2993 
3 2511 2513 2808 2994 
3 2808 2533 2511 2995 
3 2809 2810 2533 2996 
3 2524 2799 2808 2998 
3 2533 2808 2809 2999 
3 2810 2809 2813 3000 
3 2815 2816 2810 3003 
3 2780 2820 2821 3009 
3 1799 1800 2825 3011 
3 2202 1799 2825 3014 
3 1800 2831 2825 3016 
3 2825 2832 2202 3017 
3 2201 2202 2832 3018 
3 2831 2832 2825 3020 
3 2835 2197 2201 3021 
3 2832 2837 2835 3023 
3 2201 2832 2835 3024 
3 1800 2838 2831 3025 
3 2844 2845 2846 3031 
3 2845 2844 2850 3035 
3 2557 2862 2863 3044 
3 2621 2557 2863 3045 
3 2862 2557 2560 3046 
3 2865 2863 2862 3048 
3 2866 2780 2776 3050 
3 2865 2867 2863 3051 
3 2557 2527 2560 3052 
3 2866 2868 2780 3053 
3 2784 2780 2821 3054 
3 2869 2832 2831 3055 
3 2838 2870 2869 3056 
3 2872 2874 2870 3061 
3 1898 2872 1801 3063 
3 2872 2870 2838 3064 
3 703 2770 2768 3067 
3 2766 2770 703 3068 
3 2766 703 705 3069 
3 2820 2780 2868 3070 
3 2868 2877 2820 3071 
3 2878 2879 2880 3072 
3 2881 2882 2883 3074 
3 2885 2881 2883 3076 
3 2611 2689 2700 3078 
3 2662 2888 2689 3079 
3 2879 2881 2885 3080 
3 2879 2885 2889 3081 
3 2879 2889 2884 3082 
3 2891 2892 2893 3085 
3 2891 2894 2895 3087 
3 2891 2897 2894 3094 
3 2903 2797 2904 3104 
3 2905 2906 2797 3105 
3 2910 2667 1826 3109 
3 1826 1815 2708 3111 
3 1825 1815 1826 3112 
3 1730 1826 2667 3113 
3 2911 2910 1826 3115 
3 2911 2915 2916 3126 
3 2915 2911 1826 3128 
3 2844 2927 2850 3146 
3 2850 2928 2845 3147 
3 2808 2799 2937 3151 
3 2799 2798 2937 3153 
3 2808 2937 2813 3154 
3 2809 2808 2813 3156 
3 2937 2800 2813 3157 
3 2937 2798 2800 3158 
3 2944 2850 2945 3162 
3 2946 2947 2948 3163 
3 2806 2949 2813 3164 
3 1641 2950 1633 3165 
3 2806 2813 2800 3166 
3 2951 2950 2952 3167 
3 2953 2948 2947 3168 
3 2944 246 248 3169 
3 2944 250 246 3170 
3 2951 2944 248 3171 
3 2927 2954 2850 3172 
3 2933 2945 2850 3173 
3 2933 2850 2931 3174 
3 2955 2956 2784 3175 
3 2850 2954 2931 3177 
3 2784 2956 2947 3178 
3 2950 247 1633 3179 
3 2784 2947 2781 3181 
3 248 247 2950 3182 
3 2950 2951 248 3183 
3 2953 2956 2955 3184 
3 2779 2781 2947 3185 
3 2850 2944 2951 3186 
3 2850 2951 2952 3187 
3 2953 2947 2956 3189 
3 2928 2850 2952 3190 
3 2961 2953 2955 3192 
3 2955 2784 2962 3194 
3 2963 354 245 3195 
3 244 2963 245 3197 
3 2944 2945 2964 3210 
3 250 2944 2964 3211 
3 2869 2831 2838 3217 
3 2949 2976 2810 3220 
3 2976 2815 2810 3221 
3 2949 2810 2813 3223 
3 2976 2977 2815 3225 
3 2978 2979 2980 3226 
3 351 245 354 3227 
3 2977 2981 2982 3229 
3 2983 2978 2984 3231 
3 2981 2986 2987 3236 
3 1801 2838 1800 3240 
3 2988 2989 2990 3242 
3 2991 2992 2989 3243 
3 2978 2983 2979 3245 
3 2897 2980 2979 3247 
3 2894 2897 2983 3249 
3 2991 2961 2992 3250 
3 2983 2897 2979 3251 
3 2889 2980 2996 3252 
3 2990 2989 2992 3253 
3 2997 2990 2992 3254 
3 2980 2897 2996 3255 
3 2990 2997 2998 3256 
3 2897 2884 2996 3261 
3 3004 2961 2955 3263 
3 3004 2992 2961 3265 
3 2897 2893 2999 3283 
3 2999 2880 2897 3284 
3 2838 1801 2872 3288 
3 2992 3004 3023 3292 
3 2997 2992 3023 3294 
3 1387 2904 1330 3307 
3 2784 3029 2962 3309 
3 3029 2784 2821 3310 
3 3029 3023 2962 3311 
3 3029 2821 2820 3314 
3 2962 3023 2955 3315 
3 2889 2996 2884 3316 
3 3023 3004 2955 3317 
3 2884 2897 2880 3318 
3 1029 2769 815 3320 
3 2916 3031 3032 3321 
3 816 815 2769 3322 
3 2892 2767 2765 3324 
3 2765 3036 2892 3325 
3 2895 2768 2770 3327 
3 816 2894 2983 3328 
3 2892 2895 2770 3330 
3 2770 2767 2892 3331 
3 3039 2987 2986 3337 
3 3040 3041 3042 3340 
3 2867 2865 3044 3342 
3 3045 3046 2916 3344 
3 3045 3047 3048 3345 
3 2874 3049 2870 3347 
3 2869 2870 3049 3348 
3 2987 2982 2981 3351 
3 2805 2949 2803 3353 
3 2976 2981 2977 3354 
3 2976 2805 2981 3355 
3 2949 2806 2803 3356 
3 2865 3049 3044 3366 
3 2804 3055 2805 3367 
3 3056 2986 2981 3368 
3 3056 3039 2986 3369 
3 2197 2835 2200 3370 
3 2805 3056 2981 3371 
3 2837 2869 3057 3372 
3 1681 2656 1389 3373 
3 2837 2832 2869 3374 
3 55 2656 1681 3375 
3 1681 56 55 3376 
3 2837 3058 2862 3377 
3 2837 3057 3058 3378 
3 3057 2869 3049 3379 
3 3058 3057 3049 3381 
3 2865 2862 3058 3382 
3 2835 2837 2862 3384 
3 2862 2200 2835 3386 
3 5 0 3062 3391 
3 2865 3058 3049 3392 
3 2862 2560 2200 3393 
3 2152 5 3062 3396 
3 2652 2654 2659 3397 
3 2895 2894 816 3398 
3 3023 3063 2997 3399 
3 2769 2895 816 3400 
3 2769 2768 2895 3401 
3 2904 2797 2796 3402 
3 2895 2892 2891 3403 
3 1330 2904 2796 3404 
3 2983 814 816 3405 
3 1029 703 2769 3406 
3 2659 2904 1387 3410 
3 3066 3067 2990 3411 
3 3063 2998 2997 3414 
3 2893 2892 3036 3418 
3 3041 3070 3042 3419 
3 3071 3072 3045 3420 
3 3071 3045 2916 3421 
3 1379 3073 2984 3422 
3 2984 3073 2983 3423 
3 2983 3073 814 3424 
3 826 819 3073 3426 
3 826 3073 1379 3427 
3 814 3073 819 3431 
3 2846 2928 3077 3435 
3 3079 3080 2662 3440 
3 3084 3077 2928 3445 
3 2846 2845 2928 3449 
3 2805 2976 2949 3452 
3 3077 3088 2846 3454 
3 3088 3090 2846 3456 
3 3039 3056 3091 3457 
3 2928 3092 3084 3458 
3 2805 3055 3093 3459 
3 3077 3084 3094 3460 
3 2805 3093 3056 3461 
3 3088 3077 3094 3462 
3 2863 2867 2624 3463 
3 2621 2863 2624 3468 
3 2624 3101 2625 3470 
3 2624 3102 3101 3472 
3 2624 2867 3102 3473 
3 2648 2621 2625 3475 
3 2648 2625 3101 3476 
3 2903 2904 2659 3480 
3 3105 3106 2644 3482 
3 3080 2888 2662 3484 
3 3105 2644 3107 3485 
3 2644 2648 3107 3487 
3 3079 2667 2910 3488 
3 3105 3107 3108 3490 
3 3107 2648 3101 3491 
3 2662 2667 3079 3496 
3 3113 3114 3079 3501 
3 3116 3094 3117 3513 
3 2659 3119 2903 3515 
3 3119 3120 2903 3517 
3 3094 3084 3117 3519 
3 3117 3084 3092 3520 
3 2654 3119 2659 3521 
3 3125 3126 3127 3525 
3 3128 3125 3116 3527 
3 3125 3127 3116 3529 
3 3117 3128 3116 3530 
3 2816 2533 2810 3534 
3 2816 2531 2533 3535 
3 2816 2815 3131 3537 
3 2816 3131 3132 3538 
3 2816 3132 2531 3541 
3 3135 2867 3044 3542 
3 2911 3113 3079 3545 
3 2910 2911 3079 3546 
3 3139 3107 3101 3547 
3 2911 2916 3113 3548 
3 3139 3101 3102 3549 
3 3143 2878 3118 3552 
3 3125 3144 3145 3554 
3 3143 2879 2878 3555 
3 3146 3147 3126 3558 
3 3143 2881 2879 3562 
3 1371 1366 3149 3563 
3 3150 3117 3092 3566 
3 2952 3150 3092 3567 
3 3151 3152 3153 3568 
3 2928 2952 3092 3569 
3 2531 3132 2541 3570 
3 3132 3154 2541 3571 
3 3155 1641 1636 3572 
3 1641 3155 3156 3573 
3 3150 3128 3117 3574 
3 3156 2952 1641 3576 
3 2950 1641 2952 3578 
3 3150 2952 3156 3579 
3 3144 3155 1643 3580 
3 3145 3144 3159 3581 
3 3144 1643 3160 3582 
3 1643 1650 3160 3583 
3 2998 3066 2990 3584 
3 1650 1703 3160 3585 
3 3161 3162 3063 3586 
3 1703 3159 3160 3587 
3 2998 3063 3066 3589 
3 3063 3162 3066 3590 
3 2977 3131 2815 3594 
3 2982 2987 3168 3597 
3 3168 3169 2982 3602 
3 3169 2977 2982 3603 
3 2977 3169 3131 3605 
3 3023 3172 3173 3606 
3 3063 3023 3173 3607 
3 3169 3176 3177 3611 
3 3177 3131 3169 3612 
3 3168 3178 3169 3614 
3 3168 2987 3178 3615 
3 3178 3179 3169 3616 
3 3179 3178 1487 3619 
3 3178 131 129 3623 
3 3182 3176 3169 3627 
3 3182 3169 3179 3628 
3 3178 129 134 3629 
3 134 1487 3178 3630 
3 2586 3183 2584 3633 
3 2554 2547 2553 3634 
3 2587 3184 2509 3635 
3 2553 2547 2546 3636 
3 3186 2553 2543 3639 
3 3186 2543 3187 3640 
3 2613 2509 3184 3641 
3 3186 3190 3191 3646 
3 2553 3186 3191 3647 
3 3194 3195 3196 3649 
3 3194 3196 2616 3651 
3 2616 2496 3194 3653 
3 3194 2496 2613 3655 
3 3184 3194 2613 3658 
3 2554 2553 3199 3660 
3 2586 3200 3183 3661 
3 2584 2587 2497 3662 
3 2497 2585 2584 3663 
3 2584 3184 2587 3665 
3 3202 3184 2584 3666 
3 3183 3202 2584 3667 
3 3194 3184 3195 3668 
3 3203 3204 3191 3669 
3 3206 2806 2800 3671 
3 3199 3206 2800 3672 
3 3191 3204 2806 3673 
3 3184 3202 3207 3674 
3 3191 2806 3206 3675 
3 3191 3199 2553 3676 
3 3191 3206 3199 3677 
3 2800 2554 3199 3678 
3 3202 3208 3207 3679 
3 3209 3210 3211 3680 
3 3214 3215 3202 3682 
3 3108 3107 3139 3684 
3 3144 3128 3155 3685 
3 1580 5 2152 3687 
3 1636 1643 3155 3688 
3 3144 3125 3128 3690 
3 3159 3144 3160 3692 
3 3102 2867 3135 3693 
3 3155 3128 3150 3694 
3 3150 3156 3155 3695 
3 2882 3221 2883 3701 
3 2656 55 2653 3709 
3 2889 2883 2980 3710 
3 3102 3135 3121 3711 
3 3139 3102 3121 3713 
3 3202 3215 3208 3714 
3 3139 3121 3108 3715 
3 2881 3227 2882 3723 
3 3227 3228 3229 3726 
3 3229 2882 3227 3727 
3 3230 2152 3062 3728 
3 2700 3231 2701 3729 
3 3159 1703 3232 3730 
3 2882 3233 3151 3731 
3 3234 2008 2152 3732 
3 3234 2152 3237 3736 
3 2152 3230 3237 3737 
3 3237 548 285 3740 
3 3237 285 3234 3742 
3 2653 61 3238 3743 
3 3239 3105 3108 3745 
3 2008 3234 285 3748 
3 3105 3239 3240 3749 
3 63 239 61 3753 
3 3238 61 239 3755 
3 2653 55 61 3757 
3 3146 3245 3147 3766 
3 3210 3209 2558 3767 
3 286 3210 2558 3768 
3 3246 3208 3215 3769 
3 3146 3125 3145 3770 
3 3245 3146 3145 3774 
3 286 291 3210 3775 
3 2882 3151 3221 3779 
3 3126 3125 3146 3780 
3 3153 2883 3221 3781 
3 2883 3153 2980 3783 
3 3251 3245 3145 3787 
3 3151 3153 3221 3788 
3 2889 2885 2883 3789 
3 3227 2881 3253 3791 
3 2881 3143 3253 3794 
3 3227 3253 3257 3797 
3 1952 1966 2661 3800 
3 2633 2660 2661 3814 
3 3267 291 537 3816 
3 2237 2274 3232 3817 
3 3232 2234 2237 3819 
3 3232 1702 2234 3820 
3 2777 2779 3267 3821 
3 291 3267 3210 3822 
3 2681 3268 3269 3823 
3 2946 3270 3267 3824 
3 2681 3269 2661 3825 
3 3251 3145 3159 3826 
3 2681 2661 2660 3827 
3 3270 3210 3267 3828 
3 3159 3232 3251 3829 
3 1952 3271 1965 3830 
3 1952 2661 3271 3831 
3 2661 3269 3271 3832 
3 3270 3211 3210 3834 
3 2778 2777 3267 3835 
3 3267 537 2778 3836 
3 3272 3195 3184 3837 
3 3273 3269 3274 3838 
3 124 3272 3275 3839 
3 3233 2882 3229 3840 
3 3229 3276 3277 3841 
3 124 125 3272 3842 
3 124 3275 376 3843 
3 3228 3276 3229 3845 
3 3278 3151 3233 3846 
3 3207 3275 3272 3847 
3 3184 3207 3272 3848 
3 3280 3229 3277 3850 
3 3284 2916 3046 3859 
3 3285 3286 3280 3860 
3 3113 2916 3032 3861 
3 158 376 3275 3862 
3 3207 158 3275 3863 
3 3287 3280 3288 3864 
3 3229 3280 3278 3865 
3 3289 158 3207 3866 
3 3280 3287 3278 3867 
3 3208 3246 3289 3868 
3 3278 3233 3229 3869 
3 3289 3207 3208 3870 
3 3292 158 3289 3872 
3 3288 3280 3293 3873 
3 3292 1964 158 3874 
3 3278 3294 3151 3876 
3 3246 3292 3289 3878 
3 2980 3153 2978 3881 
3 2984 2978 3297 3883 
3 2916 3284 3031 3884 
3 3298 3284 3046 3885 
3 3298 3046 3299 3886 
3 3300 3301 3152 3887 
3 3297 2978 3153 3889 
3 3301 3153 3152 3890 
3 3273 1965 3271 3894 
3 2452 1947 3307 3896 
3 3307 1947 1965 3897 
3 2988 3308 3309 3898 
3 3307 1965 3273 3899 
3 2988 3309 3310 3901 
3 3269 3273 3271 3902 
3 3309 3308 3313 3905 
3 3315 3309 3313 3908 
3 3274 3316 3273 3909 
3 3273 3316 3317 3910 
3 2988 3318 3308 3911 
3 3319 2681 2634 3912 
3 2640 3319 2634 3913 
3 2990 3320 2988 3914 
3 3319 3321 3268 3915 
3 2948 3270 2946 3916 
3 2640 2797 3319 3917 
3 3268 3321 3322 3918 
3 2948 3323 3270 3919 
3 3267 2947 2946 3920 
3 3267 2779 2947 3921 
3 3323 2948 2953 3922 
3 3324 3323 2953 3924 
3 3323 3326 3270 3928 
3 3323 3327 3326 3929 
3 2953 2961 3324 3933 
3 3269 3268 3322 3943 
3 3294 3152 3151 3952 
3 3319 2906 3321 3954 
3 3335 3336 3337 3956 
3 3294 3278 3287 3957 
3 3338 3339 3335 3959 
3 3337 3300 3152 3960 
3 3337 3340 3300 3961 
3 3319 3268 2681 3962 
3 3294 3337 3152 3964 
3 3337 3338 3335 3965 
3 2906 3319 2797 3967 
3 3322 3321 2906 3968 
3 3287 3338 3337 3969 
3 3322 3316 3274 3970 
3 3269 3322 3274 3971 
3 2991 3346 3347 3974 
3 3348 3347 3346 3975 
3 3337 3294 3287 3979 
3 3287 3288 3338 3980 
3 3338 3288 3293 3981 
3 3357 3358 3359 3984 
3 3293 3339 3338 3986 
3 2961 2991 3324 3993 
3 3347 3348 3324 3995 
3 3371 3372 3373 3997 
3 2991 3347 3324 3998 
3 3380 3381 3382 4003 
3 3232 1703 1702 4011 
3 0 2 3384 4013 
3 2 2724 3384 4015 
3 2724 3387 3384 4016 
3 2905 3388 2906 4018 
3 3388 3322 2906 4019 
3 3389 3390 3391 4020 
3 3392 3393 3384 4021 
3 3388 3389 3394 4022 
3 0 3384 3393 4023 
3 2724 2725 3147 4024 
3 3388 3394 3395 4025 
3 3147 2725 2657 4026 
3 3396 3147 2657 4027 
3 3388 3395 3397 4028 
3 3388 3397 3316 4029 
3 3388 3316 3322 4030 
3 3398 3395 3394 4032 
3 3317 3316 3397 4033 
3 3397 3395 3317 4035 
3 3401 3273 3317 4037 
3 3393 3062 0 4044 
3 3407 3408 3393 4045 
3 3409 3410 3408 4047 
3 3393 3408 3062 4050 
3 3410 3062 3408 4052 
3 2724 3147 3245 4059 
3 2724 3414 3387 4060 
3 3251 2724 3245 4061 
3 3414 2724 3251 4062 
3 1772 3415 3381 4063 
3 3387 3392 3384 4064 
3 3381 3380 1772 4065 
3 3416 3382 3381 4066 
3 3392 3414 3417 4067 
3 3382 3070 3418 4068 
3 3415 3416 3381 4069 
3 3387 3414 3392 4070 
3 3419 3070 3416 4071 
3 3380 987 1772 4072 
3 1411 1430 3380 4073 
3 1411 3380 3382 4075 
3 1430 987 3380 4076 
3 1411 3382 3418 4077 
3 1411 3418 1433 4078 
3 3070 3382 3416 4079 
3 3418 3070 3041 4080 
3 3187 3420 3186 4084 
3 3187 2543 2559 4085 
3 3190 3186 3420 4086 
3 3420 3209 3211 4087 
3 2558 3209 3420 4089 
3 2559 2558 3420 4090 
3 2559 3420 3187 4091 
3 3420 3326 3327 4092 
3 3326 3420 3211 4094 
3 3326 3211 3270 4095 
3 3327 3323 3422 4096 
3 3429 3430 3327 4102 
3 3435 3430 3203 4108 
3 3435 3203 3191 4109 
3 3191 3190 3435 4110 
3 3190 3420 3435 4112 
3 3435 3420 3327 4113 
3 3293 3439 3339 4115 
3 3327 3430 3435 4117 
3 3422 3323 3324 4119 
3 3422 3324 3348 4120 
3 359 3457 360 4136 
3 2801 3203 3463 4140 
3 3468 3457 3463 4143 
3 359 2807 2802 4144 
3 359 2802 3457 4148 
3 2802 2801 3457 4149 
3 3457 3468 360 4151 
3 360 3468 448 4154 
3 3503 3504 3200 4174 
3 3505 3200 3504 4175 
3 3214 3183 3200 4180 
3 3200 2586 2585 4182 
3 3214 3200 3505 4183 
3 3505 3509 3214 4185 
3 2806 3204 2801 4189 
3 2801 3204 3203 4190 
3 3202 3183 3214 4191 
3 3511 3215 3214 4193 
3 3463 3457 2801 4194 
3 3514 3346 3515 4196 
3 3515 3516 3514 4197 
3 446 3514 3516 4199 
3 3515 452 3516 4208 
3 3515 3309 3525 4211 
3 3515 3525 452 4214 
3 3531 448 3468 4216 
3 3429 3468 3463 4218 
3 3429 3534 3468 4219 
3 3429 3203 3430 4221 
3 3203 3429 3463 4222 
3 3516 452 446 4223 
3 3327 3422 3348 4225 
3 448 3531 446 4227 
3 3315 452 3525 4228 
3 3309 3315 3525 4231 
3 452 3315 453 4232 
3 3542 453 3315 4234 
3 3313 3543 3315 4235 
3 2474 1612 1569 4247 
3 1609 2474 1569 4248 
3 906 453 3542 4250 
3 3072 3419 3047 4252 
3 3297 3149 2984 4254 
3 3149 1379 2984 4256 
3 3419 3415 3047 4258 
3 3415 3419 3416 4259 
3 1366 1379 3149 4260 
3 3297 3153 3149 4261 
3 3419 3072 3042 4262 
3 3070 3419 3042 4263 
3 3045 3072 3047 4267 
3 3045 3048 3573 4272 
3 3313 3308 3318 4273 
3 3318 2988 3320 4274 
3 3573 3046 3045 4276 
3 3299 3046 3573 4277 
3 3310 3346 2991 4278 
3 2991 2988 3310 4281 
3 3301 3300 3149 4282 
3 3310 3309 3515 4283 
3 3149 3153 3301 4284 
3 3515 3346 3310 4285 
3 2991 2989 2988 4286 
3 3335 3339 3575 4288 
3 3337 1225 3340 4290 
3 3337 3336 1225 4291 
3 3340 1227 3579 4293 
3 3335 3575 3336 4298 
3 3336 3575 1442 4300 
3 3340 3579 3300 4303 
3 3579 1227 1226 4306 
3 3579 1371 3300 4309 
3 1227 3340 1225 4311 
3 3336 1442 1372 4313 
3 1372 1225 3336 4315 
3 1371 3149 3300 4316 
3 1226 1371 3579 4318 
3 3575 3599 1442 4325 
3 3610 906 3542 4339 
3 3611 3393 3392 4340 
3 3611 3392 3612 4341 
3 3047 3613 3048 4342 
3 2474 3048 3613 4343 
3 3612 3614 3611 4344 
3 3613 1612 2474 4345 
3 2474 3573 3048 4346 
3 3417 3612 3392 4347 
3 2474 3615 3573 4348 
3 1772 3616 3415 4349 
3 3617 3610 3542 4350 
3 3047 3415 3613 4351 
3 3315 3543 3542 4352 
3 3616 3613 3415 4353 
3 3619 1612 3616 4357 
3 3619 1613 1612 4359 
3 3616 1612 3613 4361 
3 1772 3619 3616 4365 
3 1613 1772 1616 4366 
3 1613 3619 1772 4369 
3 3227 3257 3625 4375 
3 3257 3253 3627 4379 
3 3631 3632 3393 4386 
3 3407 3393 3632 4388 
3 3313 3318 3634 4389 
3 3634 3635 3313 4390 
3 3636 3631 3611 4391 
3 3638 3639 3617 4393 
3 3542 3638 3617 4396 
3 3543 3638 3542 4398 
3 3625 3228 3227 4401 
3 3641 3633 2479 4402 
3 3632 3409 3407 4403 
3 3408 3407 3409 4404 
3 1289 3610 3642 4405 
3 1289 906 3610 4406 
3 3633 2257 2479 4408 
3 3644 3645 3646 4410 
3 3642 3610 3639 4411 
3 1289 3642 3647 4412 
3 3648 1303 1289 4413 
3 3648 1289 3647 4414 
3 3299 3573 3615 4416 
3 3615 3650 3299 4418 
3 3651 3650 3644 4419 
3 3358 3031 3298 4420 
3 3284 3298 3031 4421 
3 3648 3652 1303 4422 
3 3393 3611 3631 4423 
3 3632 3631 3636 4425 
3 3651 3358 3298 4426 
3 3632 3636 3655 4429 
3 3655 3656 3632 4430 
3 3657 3656 3655 4431 
3 3656 3409 3632 4434 
3 3276 3658 3659 4435 
3 3608 3660 3661 4438 
3 3277 3659 3285 4441 
3 3659 3277 3276 4442 
3 3280 3277 3285 4443 
3 3614 3636 3611 4450 
3 3636 3614 3657 4452 
3 3657 3655 3636 4454 
3 3665 3414 3251 4455 
3 3251 3232 3665 4456 
3 3414 3665 3417 4457 
3 3665 3232 2274 4458 
3 3665 2274 3417 4459 
3 3666 3667 3638 4460 
3 3543 3668 3638 4461 
3 2274 2269 3417 4462 
3 3638 3668 3666 4464 
3 3298 3299 3650 4465 
3 3650 3645 3644 4466 
3 3650 3615 3645 4467 
3 3650 3651 3298 4468 
3 2479 2156 2617 4476 
3 2478 2156 2479 4477 
3 2479 3676 3641 4483 
3 3635 3668 3543 4484 
3 3635 3543 3313 4485 
3 2479 3646 3676 4486 
3 3645 3676 3646 4489 
3 2990 3067 3320 4497 
3 3067 3682 3318 4498 
3 3067 3683 3682 4499 
3 3372 3684 3685 4500 
3 3067 610 3683 4501 
3 3683 3686 3682 4502 
3 3687 3685 3684 4503 
3 3682 3686 3634 4504 
3 3372 3688 3684 4505 
3 3683 648 3686 4506 
3 3646 3687 3684 4507 
3 3682 3634 3318 4508 
3 3359 3358 3651 4509 
3 3066 3162 3067 4510 
3 3318 3320 3067 4511 
3 3684 3651 3646 4512 
3 3651 3644 3646 4514 
3 3688 3359 3684 4515 
3 3359 3651 3684 4517 
3 3696 3687 3646 4519 
3 3645 3615 3700 4522 
3 2474 3700 3615 4523 
3 3700 3641 3676 4524 
3 3676 3645 3700 4525 
3 3700 3633 3641 4526 
3 2474 3633 3700 4527 
3 3702 3703 3704 4529 
3 1722 3705 3706 4530 
3 3705 3703 3702 4531 
3 1722 3703 3705 4532 
3 3711 3703 1722 4535 
3 1443 3711 531 4538 
3 3706 2714 1723 4539 
3 527 531 1722 4540 
3 1722 531 3711 4542 
3 3711 1444 3703 4543 
3 1443 1444 3711 4544 
3 1722 3706 1723 4545 
3 3717 3718 2708 4547 
3 3717 2708 3705 4550 
3 3725 3718 3717 4551 
3 3725 3717 3705 4552 
3 3702 3725 3705 4553 
3 3702 3726 3725 4554 
3 1820 2714 2708 4555 
3 3718 1826 2708 4556 
3 2708 2714 3706 4557 
3 2708 3706 3705 4558 
3 3718 2915 1826 4559 
3 3071 3725 3726 4561 
3 1627 3728 1628 4562 
3 3704 3726 3702 4563 
3 3703 3728 3704 4565 
3 3040 3071 3726 4566 
3 3042 3072 3071 4567 
3 3040 3042 3071 4569 
3 3726 3704 3040 4570 
3 3040 3732 3041 4571 
3 3732 3418 3041 4572 
3 1627 3732 3728 4573 
3 1627 1433 3732 4576 
3 3728 1444 1628 4579 
3 3704 3728 3732 4581 
3 3703 1444 3728 4583 
3 3040 3704 3732 4585 
3 3071 2916 3725 4586 
3 2915 3718 3725 4587 
3 2916 2915 3725 4588 
3 1342 1343 1344 4589 
3 3739 3740 2689 4591 
3 1343 1303 3652 4592 
3 2689 2888 3739 4593 
3 3741 3231 3742 4594 
3 3744 2700 3740 4596 
3 3742 3739 3745 4597 
3 3746 1345 1343 4598 
3 1343 3652 3746 4599 
3 3231 3744 3742 4602 
3 3748 3114 3032 4603 
3 2888 3080 3739 4604 
3 3744 3739 3742 4605 
3 3531 3468 3534 4607 
3 3534 3752 3514 4609 
3 3753 3293 3286 4610 
3 3348 3514 3752 4611 
3 3293 3280 3286 4612 
3 446 3534 3514 4613 
3 3348 3346 3514 4615 
3 3759 3760 3753 4620 
3 3752 3327 3348 4623 
3 3531 3534 446 4627 
3 3752 3534 3429 4632 
3 3429 3327 3752 4633 
3 3162 610 3067 4636 
3 3417 2269 3612 4638 
3 3683 610 612 4639 
3 3612 2269 3774 4644 
3 612 648 3683 4646 
3 3777 3776 3608 4653 
3 2268 3774 2269 4658 
3 2540 3779 3780 4661 
3 3781 3780 116 4662 
3 2540 2541 3779 4665 
3 114 3780 3779 4666 
3 3394 3389 3391 4667 
3 3394 3391 3398 4671 
3 3391 3776 3788 4676 
3 3612 3774 3789 4677 
3 3790 3391 3788 4678 
3 114 116 3780 4679 
3 3789 3614 3612 4680 
3 3791 3788 3776 4681 
3 2268 3792 3774 4682 
3 3398 3391 3793 4683 
3 3179 3794 3182 4684 
3 3391 3790 3793 4685 
3 3795 1476 3796 4686 
3 3796 1476 3797 4687 
3 3798 3795 3796 4688 
3 3661 3777 3608 4689 
3 3794 1474 1476 4690 
3 1474 3794 3179 4691 
3 1476 3795 3794 4692 
3 3805 3800 3580 4699 
3 3776 3805 3580 4701 
3 3062 3410 3806 4702 
3 3807 3062 3806 4703 
3 3809 53 3801 4710 
3 1342 3810 1453 4711 
3 3810 1342 3811 4712 
3 3811 1342 1344 4713 
3 1341 1342 1453 4714 
3 3661 3791 3777 4715 
3 3807 3806 3812 4716 
3 3816 3812 3817 4721 
3 3776 3777 3791 4724 
3 3790 3788 3791 4726 
3 3818 3661 3660 4728 
3 3819 3820 3760 4729 
3 3230 3062 3807 4730 
3 3237 3230 3816 4731 
3 3816 3230 3807 4732 
3 3807 3812 3816 4733 
3 3816 3817 3237 4735 
3 3791 3661 3823 4736 
3 3759 3819 3760 4738 
3 3237 3824 548 4739 
3 3401 3317 3825 4740 
3 3824 537 548 4741 
3 3827 3820 3819 4743 
3 2460 3828 2461 4744 
3 3829 3828 2460 4745 
3 3830 3820 3827 4746 
3 3830 3831 3820 4747 
3 3760 3820 3832 4748 
3 3401 2460 2452 4749 
3 3820 3831 3832 4750 
3 2458 2452 2460 4751 
3 3307 3401 2452 4753 
3 3837 3838 3839 4756 
3 3656 3843 3409 4760 
3 3409 3844 3410 4761 
3 3843 3844 3409 4762 
3 2460 3401 3829 4763 
3 3401 3307 3273 4764 
3 671 3845 3846 4765 
3 3844 3847 3410 4766 
3 3825 3829 3401 4767 
3 3410 3847 3848 4768 
3 3634 3686 3849 4769 
3 3849 3635 3634 4770 
3 3668 3845 3666 4771 
3 3668 3846 3845 4772 
3 671 1095 3845 4773 
3 3848 3812 3806 4774 
3 3848 3806 3410 4775 
3 2467 2569 2567 4776 
3 2569 2461 3828 4777 
3 3850 2569 3851 4778 
3 3635 3846 3668 4779 
3 3851 2569 3828 4780 
3 3850 2567 2569 4781 
3 3829 3851 3828 4782 
3 3843 3852 3844 4783 
3 3844 3853 3847 4784 
3 3635 3849 3846 4785 
3 3848 3847 3854 4786 
3 3854 3847 3853 4787 
3 2568 2567 3850 4789 
3 3844 3852 3853 4790 
3 3850 3851 3856 4792 
3 1474 3179 1487 4793 
3 3851 3825 3856 4795 
3 3797 1476 1475 4796 
3 3829 3825 3851 4797 
3 1631 3797 1475 4799 
3 3858 3395 3793 4802 
3 3859 114 3779 4803 
3 3859 3860 114 4804 
3 3858 3317 3395 4806 
3 3686 648 665 4807 
3 3793 3861 3862 4808 
3 3791 3823 3790 4811 
3 3861 3790 3823 4816 
3 3823 3862 3861 4818 
3 3846 667 671 4820 
3 3858 3825 3317 4822 
3 3793 3395 3398 4824 
3 3846 3849 667 4825 
3 3849 3686 665 4827 
3 3825 3862 3856 4828 
3 3858 3793 3825 4829 
3 665 667 3849 4830 
3 3793 3862 3825 4831 
3 3790 3861 3793 4832 
3 3856 3862 3823 4835 
3 3874 3823 3661 4838 
3 3119 2654 3875 4842 
3 2905 2903 3120 4844 
3 3610 3617 3639 4848 
3 3639 3638 3667 4851 
3 3848 3854 3817 4853 
3 3817 3812 3848 4854 
3 3739 3744 3740 4855 
3 3884 3885 2783 4856 
3 3745 3739 3080 4857 
3 3745 3080 3748 4858 
3 2700 2689 3740 4859 
3 3852 3884 3853 4860 
3 3886 3741 3742 4861 
3 3231 2700 3744 4862 
3 3884 3887 3853 4863 
3 3748 3080 3079 4864 
3 3748 3079 3114 4865 
3 3853 3887 3854 4866 
3 3741 3888 3373 4867 
3 3688 3371 3359 4868 
3 3742 3745 3886 4869 
3 3889 3817 3854 4870 
3 3748 3032 3745 4871 
3 3888 3886 3371 4872 
3 3890 3891 3614 4873 
3 3371 3373 3888 4874 
3 3371 3886 3745 4875 
3 3357 3371 3745 4876 
3 3371 3688 3372 4877 
3 3789 3890 3614 4878 
3 3357 3359 3371 4879 
3 3745 3032 3357 4880 
3 3741 3886 3888 4881 
3 3114 3113 3032 4882 
3 3357 3031 3358 4883 
3 3891 3656 3657 4884 
3 3614 3891 3657 4885 
3 3891 3892 3656 4886 
3 3656 3892 3843 4887 
3 3892 3852 3843 4888 
3 3885 3893 2783 4889 
3 2783 3893 3890 4890 
3 3891 3893 3892 4891 
3 3891 3890 3893 4892 
3 3885 3852 3892 4893 
3 3893 3885 3892 4894 
3 3885 3884 3852 4895 
3 2783 3894 3895 4896 
3 3889 3887 2783 4897 
3 3824 3237 2783 4898 
3 3647 3746 3648 4899 
3 3746 3647 3642 4900 
3 3652 3648 3746 4901 
3 3639 3746 3642 4902 
3 3666 3898 3899 4908 
3 3746 3900 3901 4909 
3 3900 3902 3899 4910 
3 3902 3639 3667 4911 
3 3899 3901 3900 4912 
3 3746 3639 3902 4913 
3 3902 3900 3746 4914 
3 3902 3666 3899 4915 
3 3902 3667 3666 4916 
3 3875 2654 3238 4924 
3 2905 2797 2903 4927 
3 3119 3908 3120 4930 
3 3119 3875 3908 4932 
3 3908 3909 3120 4933 
3 3908 3910 3909 4934 
3 3911 3901 3899 4935 
3 3845 3912 3898 4936 
3 3898 3666 3845 4937 
3 1345 3746 3913 4939 
3 3811 1344 3914 4940 
3 3913 3914 1344 4941 
3 3388 3120 3909 4942 
3 3914 3916 3811 4944 
3 3388 2905 3120 4945 
3 3238 3908 3875 4949 
3 3917 3910 3908 4950 
3 3837 3919 3838 4952 
3 3916 3914 3913 4957 
3 3913 3746 3901 4961 
3 3913 1344 1345 4962 
3 3859 3924 3860 4964 
3 3357 3032 3031 4965 
3 3838 3439 3839 4966 
3 3439 3760 3839 4967 
3 3439 3753 3760 4968 
3 3293 3753 3439 4970 
3 3418 3732 1433 4977 
3 3934 3935 3936 4978 
3 3860 3934 3936 4980 
3 3934 3924 3935 4981 
3 3953 3954 3177 4993 
3 3132 3954 3154 4995 
3 3154 3954 3956 4996 
3 3132 3131 3954 4997 
3 3954 3131 3177 4999 
3 3154 3859 3779 5000 
3 3779 2541 3154 5001 
3 3810 3968 3969 5015 
3 3976 3977 3916 5021 
3 3916 3901 3976 5027 
3 3913 3901 3916 5028 
3 3982 3977 3976 5030 
3 3976 3901 3982 5032 
3 3916 3968 3810 5033 
3 3983 3968 3916 5038 
3 3916 3977 3983 5042 
3 3511 3214 3509 5043 
3 2783 3890 3894 5051 
3 3838 3339 3439 5053 
3 3994 3895 3894 5055 
3 2783 3887 3884 5056 
3 3995 3390 3389 5057 
3 3996 3837 3839 5058 
3 3997 3998 3999 5060 
3 3995 3389 3388 5064 
3 3388 3909 4004 5065 
3 3995 3388 4006 5067 
3 3999 3996 3839 5068 
3 3999 4008 3996 5071 
3 3509 4009 3511 5072 
3 4009 3509 2645 5073 
3 3996 4008 3837 5074 
3 2644 4010 4009 5075 
3 2645 2644 4009 5076 
3 4011 3998 4012 5077 
3 4013 4006 4014 5078 
3 2644 3106 4010 5079 
3 4006 3388 4014 5080 
3 3106 3105 3240 5081 
3 3240 4015 3106 5082 
3 2820 2877 4017 5084 
3 3154 3956 3859 5085 
3 4008 3999 4011 5087 
3 3910 4018 3909 5088 
3 4019 4004 3909 5089 
3 3999 3998 4011 5091 
3 4019 4014 4004 5092 
3 4019 3909 4018 5093 
3 4008 4011 4012 5094 
3 3954 3953 3956 5111 
3 3953 3794 3795 5113 
3 4030 4031 4032 5120 
3 3910 3917 4018 5124 
3 3388 4004 4014 5128 
3 3997 3830 4034 5130 
3 3997 3999 3831 5131 
3 3997 3831 3830 5132 
3 3999 3832 3831 5133 
3 3760 3832 3839 5134 
3 3999 3839 3832 5135 
3 3177 3176 3953 5136 
3 3798 3953 3795 5137 
3 3176 3182 3794 5138 
3 3575 3339 3599 5139 
3 3599 3339 3838 5140 
3 3919 3599 3838 5141 
3 3794 3953 3176 5142 
3 4035 3837 4008 5143 
3 3599 3919 4035 5144 
3 3919 3837 4035 5145 
3 4035 1554 3599 5147 
3 4037 3390 3995 5150 
3 4006 4037 3995 5152 
3 4037 4039 4040 5153 
3 3956 3953 3798 5154 
3 3924 3934 3860 5155 
3 3599 1554 1491 5162 
3 4035 1555 1554 5165 
3 3599 1491 1442 5166 
3 3924 3859 3956 5181 
3 4049 3924 3956 5183 
3 3935 3924 4049 5186 
3 3935 4049 4050 5189 
3 4049 4052 4050 5193 
3 4010 3106 4056 5198 
3 4035 4008 4057 5199 
3 3106 4059 4056 5201 
3 4057 4008 4012 5202 
3 4059 4015 4060 5203 
3 3106 4015 4059 5204 
3 3239 3241 4061 5209 
3 4015 3240 3239 5214 
3 1686 1390 4062 5215 
3 1390 1384 4062 5216 
3 4057 4062 1384 5217 
3 1555 4035 4057 5220 
3 1384 1555 4057 5221 
3 4057 4012 4062 5222 
3 3860 115 114 5223 
3 54 115 64 5224 
3 3759 3753 4063 5225 
3 4064 4030 4065 5226 
3 239 3917 3238 5228 
3 2654 2653 3238 5232 
3 3817 3889 3237 5233 
3 3968 3983 4066 5236 
3 239 254 3917 5240 
3 543 3917 254 5243 
3 3912 3911 3899 5247 
3 3238 3917 3908 5248 
3 3912 4080 3911 5249 
3 3912 1095 4080 5251 
3 1095 3912 3845 5257 
3 64 115 3860 5261 
3 4086 4065 4030 5263 
3 3899 3898 3912 5264 
3 4087 3901 3911 5266 
3 3982 4089 3977 5271 
3 3901 4087 3982 5273 
3 4031 4090 4032 5274 
3 3911 4080 4087 5275 
3 3982 4087 4080 5276 
3 4032 4086 4030 5277 
3 2578 2588 4090 5280 
3 64 3860 3936 5281 
3 64 3936 65 5283 
3 2683 4090 2588 5285 
3 2578 4090 2268 5286 
3 1095 1098 4080 5304 
3 68 65 4100 5305 
3 4100 249 68 5312 
3 238 249 254 5323 
3 1098 1235 4118 5324 
3 4080 1098 4118 5326 
3 3889 3854 3887 5333 
3 2783 3237 3889 5335 
3 4152 4153 543 5369 
3 4154 2877 4064 5372 
3 3917 543 4153 5373 
3 4153 4018 3917 5374 
3 2877 4154 4155 5375 
3 4153 4019 4018 5377 
3 4157 4039 4037 5378 
3 4157 4037 4006 5379 
3 4017 2877 4155 5381 
3 4155 4161 4162 5383 
3 4154 4064 4065 5385 
3 4157 4164 4039 5387 
3 4157 4006 4013 5388 
3 4168 4164 4157 5391 
3 4157 4013 4168 5394 
3 4155 4154 4161 5396 
3 4168 4152 4174 5397 
3 4161 4175 4162 5398 
3 4168 4019 4152 5399 
3 4168 4014 4019 5400 
3 4168 4013 4014 5403 
3 4153 4152 4019 5407 
3 2776 2783 3895 5411 
3 3824 2783 2778 5412 
3 4118 3982 4080 5413 
3 4155 4181 4017 5414 
3 3977 4089 3983 5415 
3 2778 537 3824 5417 
3 4184 1234 1233 5419 
3 1234 4184 4089 5422 
3 4089 4066 3983 5425 
3 4118 1234 4089 5435 
3 4118 1235 1234 5437 
3 3982 4118 4089 5438 
3 4196 544 542 5440 
3 542 545 683 5444 
3 4212 683 684 5457 
3 225 3759 4063 5458 
3 3753 3286 4063 5460 
3 65 3936 4100 5470 
3 4223 249 4100 5471 
3 4227 4100 3936 5474 
3 4100 4227 4223 5477 
3 684 249 4223 5480 
3 3759 676 3819 5481 
3 4232 4032 4233 5482 
3 4032 4090 2683 5485 
3 4233 4032 2683 5489 
3 3511 4240 3215 5496 
3 4240 3511 4009 5497 
3 3215 4240 4241 5499 
3 4241 3246 3215 5500 
3 4243 4244 4245 5502 
3 4246 683 4212 5503 
3 4240 4009 4247 5504 
3 4010 4056 4248 5505 
3 4247 4009 4248 5506 
3 4009 4010 4248 5507 
3 4249 4212 684 5508 
3 684 4250 4249 5509 
3 684 254 249 5510 
3 4223 4250 684 5511 
3 4251 3827 1639 5512 
3 225 676 3759 5513 
3 684 683 682 5514 
3 676 3827 3819 5515 
3 1639 3827 676 5516 
3 225 510 676 5517 
3 676 677 1639 5518 
3 4251 1639 1640 5519 
3 4252 4253 4243 5520 
3 4254 4253 4255 5521 
3 4256 4254 4255 5522 
3 4257 2054 4258 5523 
3 4241 4247 4248 5524 
3 4247 4241 4240 5525 
3 4244 4243 4164 5530 
3 4264 4257 4265 5536 
3 4257 3246 4241 5537 
3 544 4196 4174 5538 
3 4164 4245 4244 5539 
3 4174 4152 544 5541 
3 4174 4164 4168 5544 
3 4164 4174 4245 5546 
3 4152 543 544 5548 
3 4174 4196 4245 5550 
3 3994 4064 2877 5572 
3 4276 4065 4232 5573 
3 4154 4065 4276 5575 
3 3890 3789 3774 5577 
3 4065 4086 4232 5578 
3 3890 3774 3792 5579 
3 4277 4278 4040 5580 
3 4232 4086 4032 5581 
3 3894 3890 3792 5582 
3 4278 4037 4040 5583 
3 3792 4031 3894 5584 
3 3391 3390 4278 5585 
3 4090 4031 3792 5586 
3 3776 4278 4279 5587 
3 4277 4279 4278 5589 
3 3792 2268 4090 5590 
3 4031 3994 3894 5596 
3 4031 4030 3994 5598 
3 3827 4282 4034 5599 
3 3827 4034 3830 5600 
3 4064 3994 4030 5601 
3 4278 3390 4037 5602 
3 2776 3895 2866 5605 
3 4279 3805 3776 5607 
3 4278 3776 3391 5608 
3 3798 3796 4283 5609 
3 4233 2683 2701 5610 
3 4233 2701 4284 5611 
3 4049 3798 4052 5612 
3 3998 3997 4285 5613 
3 2682 2701 2683 5614 
3 3800 3809 3801 5615 
3 4049 3956 3798 5616 
3 3809 3800 3805 5617 
3 3809 3805 4286 5619 
3 4288 3805 4279 5621 
3 4285 4012 3998 5627 
3 3798 4283 4052 5633 
3 4034 4292 4285 5634 
3 4293 4052 4283 5635 
3 4034 4294 4292 5636 
3 3997 4034 4285 5638 
3 4034 4282 4294 5640 
3 1631 3796 3797 5641 
3 4296 4284 4297 5646 
3 1631 4293 4283 5647 
3 4296 4233 4284 5648 
3 4283 3796 1631 5649 
3 4298 4285 4292 5650 
3 4233 4296 4232 5651 
3 1637 4299 1631 5652 
3 4296 4276 4232 5653 
3 4301 4288 4279 5658 
3 4040 4039 4301 5665 
3 4039 4164 4301 5667 
3 4243 4253 4301 5671 
3 4301 4164 4243 5672 
3 3292 2048 1964 5673 
3 4301 4253 4254 5676 
3 4279 4277 4301 5680 
3 4301 4277 4040 5682 
3 3895 3994 2868 5685 
3 3994 2877 2868 5686 
3 4311 699 52 5687 
3 3895 2868 2866 5688 
3 4286 4254 4256 5690 
3 4311 3809 4256 5691 
3 53 3809 4311 5693 
3 52 53 4311 5696 
3 4286 4256 3809 5699 
3 4254 4286 4301 5701 
3 3805 4288 4286 5703 
3 4301 4286 4288 5705 
3 4255 4311 4256 5706 
3 4329 4311 4255 5708 
3 314 287 147 5720 
3 4344 147 4350 5726 
3 4276 4161 4154 5734 
3 4175 4161 4362 5736 
3 4362 4276 4296 5738 
3 4362 4161 4276 5739 
3 1913 1884 1894 5772 
3 1886 1888 1791 5775 
3 4344 1792 1888 5776 
3 314 4344 1888 5778 
3 1886 1884 1913 5779 
3 1888 1886 1913 5780 
3 1913 314 1888 5781 
3 315 314 1913 5783 
3 147 4344 314 5788 
3 339 315 1913 5791 
3 4441 339 1913 5793 
3 315 339 293 5795 
3 1913 1914 4441 5798 
3 1914 1917 344 5800 
3 344 4441 1914 5801 
3 342 4454 757 5803 
3 4454 344 4460 5806 
3 342 344 4454 5809 
3 344 338 339 5815 
3 4460 344 1919 5818 
3 1919 344 1917 5819 
3 344 339 4441 5821 
3 2468 2568 2451 5837 
3 4460 2434 969 5841 
3 969 4454 4460 5842 
3 4454 969 757 5844 
3 969 2434 2435 5847 
3 4460 1919 2434 5849 
3 2451 969 2435 5850 
3 2440 2466 2451 5852 
3 2466 2468 2451 5853 
3 4227 3936 3935 5854 
3 4297 4362 4296 5855 
3 4258 3292 3246 5856 
3 967 4517 973 5857 
3 4175 4518 4162 5858 
3 967 969 2451 5859 
3 4297 388 4362 5860 
3 2568 967 2451 5862 
3 4175 4362 388 5863 
3 4517 967 2568 5864 
3 4175 391 4518 5866 
3 3029 2820 4017 5913 
3 3023 3029 4547 5917 
3 3200 2585 698 5930 
3 4550 4223 4227 5931 
3 4550 4250 4223 5932 
3 3246 4257 4258 5934 
3 4552 2082 2054 5935 
3 4258 2048 3292 5936 
3 2054 2082 2055 5937 
3 2054 2048 4258 5938 
3 4553 4249 4550 5939 
3 4550 4249 4250 5940 
3 4556 4012 4285 5943 
3 4285 4298 4556 5946 
3 4062 4012 4556 5950 
3 4298 1686 4556 5952 
3 4547 3172 3023 5958 
3 3029 4017 4547 5960 
3 1687 4559 3781 5961 
3 2165 700 698 5962 
3 1687 4298 4559 5963 
3 2585 2165 698 5964 
3 4560 4311 4329 5966 
3 4298 1687 1686 5967 
3 1686 4062 4556 5968 
3 3200 699 4560 5969 
3 698 699 3200 5971 
3 4560 699 4311 5973 
3 4563 4294 4564 5975 
3 4292 4294 4563 5977 
3 4565 4292 4563 5978 
3 2499 4565 4563 5980 
3 1640 1648 4251 5984 
3 3827 4251 4282 5985 
3 2502 4564 2504 5986 
3 2498 2502 2504 5988 
3 4563 4564 2502 5991 
3 2502 2499 4563 5993 
3 4570 4056 4059 5996 
3 2510 4571 4565 5997 
3 4248 4056 4570 5998 
3 4565 4571 4298 5999 
3 4565 4298 4292 6001 
3 4565 2499 2510 6008 
3 2510 2539 4571 6009 
3 2510 2512 2539 6011 
3 4248 4570 4241 6013 
3 4570 4265 4257 6014 
3 4257 4580 4552 6017 
3 4559 4298 4571 6021 
3 4282 4251 1648 6022 
3 1648 4584 4282 6024 
3 1648 1647 4584 6025 
3 1688 1687 3781 6026 
3 3781 116 1688 6027 
3 4294 4584 4564 6029 
3 4294 4282 4584 6031 
3 4559 4571 2539 6037 
3 3143 3118 4587 6039 
3 4181 4547 4017 6040 
3 4181 4588 4547 6041 
3 3143 4587 4589 6042 
3 3172 4547 4588 6043 
3 2539 2512 2532 6044 
3 4155 4162 4181 6047 
3 2539 2540 4590 6048 
3 4590 2540 3780 6049 
3 4590 4559 2539 6050 
3 3173 3161 3063 6051 
3 4559 4590 3781 6052 
3 3780 3781 4590 6053 
3 3161 3173 4592 6055 
3 4593 3143 4589 6057 
3 3172 4592 3173 6060 
3 4589 4594 4595 6065 
3 611 610 3162 6067 
3 3276 3625 3658 6073 
3 4589 4595 4599 6074 
3 4599 4593 4589 6077 
3 4603 3257 3627 6079 
3 4603 4606 3625 6082 
3 3627 4607 4603 6085 
3 4603 4608 4606 6086 
3 4606 3658 3625 6087 
3 3276 3228 3625 6089 
3 4241 4570 4257 6093 
3 4059 4060 4610 6098 
3 4249 4246 4212 6127 
3 4249 4553 4246 6129 
3 4648 4245 4649 6132 
3 4245 4252 4243 6133 
3 4648 4252 4245 6134 
3 4610 4060 4611 6136 
3 4610 4650 4651 6137 
3 4570 4059 4610 6138 
3 683 4246 4652 6139 
3 4653 4654 4650 6140 
3 683 4652 4655 6141 
3 4656 4196 542 6142 
3 4196 4656 4245 6143 
3 4651 4264 4265 6144 
3 4245 4656 4657 6145 
3 4265 4570 4651 6146 
3 4658 4650 4654 6147 
3 4257 4658 4580 6148 
3 4655 542 683 6149 
3 4655 4656 542 6150 
3 4657 4656 4655 6151 
3 3200 4560 3503 6161 
3 4329 4659 3503 6162 
3 4659 4255 4660 6164 
3 4329 3503 4560 6165 
3 3935 4050 4661 6166 
3 4050 4052 4662 6167 
3 3935 4661 4227 6169 
3 4550 4227 4661 6172 
3 4553 4667 4668 6181 
3 4667 4553 4661 6184 
3 4661 4050 4667 6185 
3 4661 4553 4550 6186 
3 4667 4050 4662 6187 
3 4669 4667 4662 6188 
3 4676 650 611 6202 
3 4677 652 650 6204 
3 53 43 3802 6206 
3 3172 4588 4679 6208 
3 3802 3801 53 6209 
3 44 43 53 6210 
3 1424 1777 1425 6211 
3 4676 4680 650 6212 
3 1424 1404 42 6213 
3 4677 650 4680 6215 
3 43 42 1404 6216 
3 4592 4681 4676 6217 
3 4681 4679 4680 6218 
3 4676 3162 3161 6219 
3 4680 4676 4681 6220 
3 4592 4679 4681 6221 
3 4674 1427 3818 6226 
3 4682 3818 1427 6228 
3 4676 3161 4592 6229 
3 1427 1429 1571 6230 
3 4679 4592 3172 6231 
3 4676 611 3162 6233 
3 1427 1571 4684 6235 
3 1427 4684 4682 6236 
3 1571 1594 4684 6240 
3 4685 1647 2551 6242 
3 4682 4686 3818 6243 
3 4687 4181 4162 6245 
3 4584 1647 4685 6248 
3 2542 4564 4685 6249 
3 4181 4687 4588 6250 
3 4688 4679 4588 6251 
3 4689 973 4517 6252 
3 4688 4588 4687 6253 
3 3850 4517 2568 6254 
3 4688 4690 4679 6256 
3 3856 3823 4691 6258 
3 3823 3874 4691 6259 
3 4584 4685 4564 6260 
3 1647 284 2551 6262 
3 4689 1585 973 6263 
3 4564 2542 2504 6265 
3 4686 4689 4691 6267 
3 4685 2551 2542 6268 
3 4686 4691 3874 6269 
3 2559 2548 2551 6270 
3 2559 2551 286 6271 
3 3850 4691 4517 6272 
3 4687 4518 4693 6273 
3 4517 4691 4689 6274 
3 4518 4694 4693 6275 
3 4691 3850 3856 6277 
3 4689 1594 1585 6278 
3 4687 4162 4518 6279 
3 4687 4693 4688 6282 
3 4686 1594 4689 6283 
3 1594 4686 4684 6284 
3 4686 4682 4684 6285 
3 4695 4688 4693 6286 
3 284 286 2551 6287 
3 4686 3874 3661 6288 
3 4686 3661 3818 6289 
3 1424 52 700 6290 
3 52 1424 42 6291 
3 700 2165 1424 6293 
3 4657 4697 4245 6297 
3 4655 4652 4657 6298 
3 4257 4264 4658 6299 
3 4650 4658 4264 6300 
3 4651 4650 4264 6301 
3 4246 4698 4657 6302 
3 4570 4610 4651 6304 
3 4701 4657 4698 6305 
3 4553 4668 4703 6307 
3 3627 3253 3143 6310 
3 4690 4680 4679 6311 
3 3257 4603 3625 6312 
3 3627 4593 4599 6313 
3 4677 663 652 6314 
3 3627 4599 4607 6315 
3 4695 4709 4690 6319 
3 4690 4688 4695 6321 
3 4667 4669 4668 6327 
3 4669 4713 4668 6328 
3 4553 4703 4246 6329 
3 4657 4652 4246 6331 
3 4698 4246 4703 6332 
3 4703 4714 4698 6333 
3 4608 4715 4716 6335 
3 4668 4714 4703 6336 
3 4608 4607 4599 6338 
3 4608 4599 4595 6340 
3 4606 4608 4720 6343 
3 4608 4603 4607 6345 
3 4723 4720 4724 6347 
3 4725 4720 4716 6350 
3 4723 4606 4720 6354 
3 1631 4299 4293 6357 
3 399 4677 4727 6358 
3 4662 4052 4293 6359 
3 4727 4680 4690 6360 
3 1929 4299 1637 6361 
3 399 663 4677 6362 
3 4677 4680 4727 6363 
3 388 384 4175 6365 
3 4299 4731 4293 6366 
3 4175 384 391 6367 
3 390 4518 391 6368 
3 4731 4662 4293 6369 
3 390 4694 4518 6370 
3 4662 4731 4732 6371 
3 4299 4732 4731 6373 
3 390 383 4694 6374 
3 4669 4734 4735 6376 
3 847 663 399 6377 
3 4299 4736 4732 6378 
3 397 399 4727 6379 
3 2082 2475 2477 6395 
3 4257 4552 2054 6397 
3 4552 4580 4658 6398 
3 2475 4552 4658 6400 
3 2475 2082 4552 6401 
3 4736 2154 4732 6404 
3 2155 2154 1976 6406 
3 4734 4732 2154 6407 
3 4736 4299 1929 6408 
3 4736 1929 2154 6409 
3 4669 4662 4732 6412 
3 1929 1976 2154 6413 
3 4716 4720 4608 6417 
3 4713 4669 4735 6418 
3 4734 4669 4732 6419 
3 4729 4715 4608 6420 
3 4595 4729 4608 6421 
3 4595 4594 4729 6422 
3 4587 4746 4589 6423 
3 4594 4589 4746 6425 
3 3659 3658 4757 6442 
3 4758 4606 4723 6447 
3 4758 3658 4606 6451 
3 3285 3659 4762 6465 
3 2174 2603 4763 6468 
3 4763 2153 2174 6469 
3 4764 4757 3658 6470 
3 4765 4764 4766 6471 
3 4758 4764 3658 6472 
3 4757 4767 3659 6473 
3 4668 4713 4714 6474 
3 4735 4763 4713 6475 
3 4764 4768 4766 6476 
3 4768 4723 4724 6477 
3 4763 2603 4769 6478 
3 4767 4757 4764 6479 
3 4763 4735 4734 6480 
3 4767 4764 4765 6481 
3 4764 4758 4723 6482 
3 4770 4766 4724 6483 
3 4724 4766 4768 6484 
3 4764 4723 4768 6485 
3 4763 2154 2153 6486 
3 4724 4771 4770 6487 
3 4734 2154 4763 6488 
3 4772 4697 4698 6490 
3 4698 4714 4772 6492 
3 4769 4772 4714 6493 
3 4769 4714 4763 6494 
3 4763 4714 4713 6495 
3 4697 4657 4701 6496 
3 4697 4701 4698 6497 
3 4762 3659 4767 6502 
3 4762 4767 4775 6503 
3 225 4063 4776 6505 
3 4762 4776 3285 6507 
3 3286 3285 4776 6509 
3 4063 3286 4776 6510 
3 224 225 4776 6512 
3 224 4776 4762 6513 
3 3504 3503 4659 6514 
3 2649 3505 3504 6515 
3 2649 3504 4659 6516 
3 4780 4659 4660 6526 
3 4329 4255 4659 6527 
3 4782 4765 4766 6531 
3 3231 4284 2701 6533 
3 4783 4284 3231 6535 
3 4297 4284 4783 6538 
3 4784 4297 4783 6539 
3 4765 2658 4767 6540 
3 388 4297 4784 6542 
3 4253 4780 4660 6553 
3 388 4784 386 6555 
3 2598 4253 4648 6556 
3 2599 2598 4787 6557 
3 4654 2475 4658 6558 
3 4787 2606 2599 6559 
3 4253 4252 4648 6560 
3 2598 4648 4787 6563 
3 2492 4654 4653 6564 
3 4769 2603 2606 6566 
3 4654 2492 2475 6568 
3 4787 4648 4649 6569 
3 4783 3231 3741 6570 
3 4789 4784 4783 6571 
3 4789 4783 3741 6572 
3 4787 4769 2606 6573 
3 4653 2538 2492 6574 
3 4787 4697 4769 6575 
3 4772 4769 4697 6576 
3 4697 4787 4245 6578 
3 690 21 22 6579 
3 11 21 886 6580 
3 11 7 21 6581 
3 886 21 862 6583 
3 270 690 22 6584 
3 4795 22 7 6587 
3 151 22 4795 6593 
3 3741 3373 4789 6608 
3 4789 3373 4805 6617 
3 4810 386 4784 6624 
3 389 386 4810 6625 
3 4810 4784 4789 6626 
3 4805 4810 4789 6629 
3 4805 4816 4817 6635 
3 4805 4817 4810 6636 
3 4817 389 4810 6637 
3 4817 4818 4819 6639 
3 389 4817 4819 6640 
3 3373 3372 4805 6643 
3 3685 4805 3372 6647 
3 392 385 4830 6654 
3 382 385 392 6655 
3 4831 385 381 6656 
3 389 4831 381 6659 
3 4831 4851 4852 6671 
3 4852 4854 4855 6673 
3 4855 4831 4852 6675 
3 389 4819 4831 6678 
3 385 4831 4855 6679 
3 4869 4709 4695 6684 
3 4869 4695 4693 6686 
3 4694 4869 4693 6687 
3 383 392 4694 6693 
3 4694 392 4894 6712 
3 4894 4895 4869 6713 
3 4894 4896 4895 6714 
3 4694 4894 4869 6715 
3 2657 2658 4782 6742 
3 3396 2657 4782 6744 
3 3396 4782 3126 6745 
3 4770 3126 4782 6746 
3 2658 4765 4782 6747 
3 210 222 224 6749 
3 4775 4767 2658 6750 
3 4775 2658 224 6754 
3 2658 210 224 6756 
3 224 4762 4775 6758 
3 4951 4729 4728 6768 
3 4951 2844 2846 6770 
3 4951 2927 2844 6771 
3 4716 4715 4725 6777 
3 4725 3088 4955 6778 
3 4725 3090 3088 6779 
3 4955 4720 4725 6780 
3 4951 2846 3090 6781 
3 3116 4770 4771 6782 
3 4724 4955 4771 6783 
3 4729 4951 4715 6785 
3 4724 4720 4955 6787 
3 4771 3094 3116 6789 
3 4771 4955 3088 6790 
3 4771 3088 3094 6791 
3 4715 4951 4725 6792 
3 3090 4725 4951 6793 
3 4245 4787 4649 6807 
3 2643 2645 2649 6809 
3 3509 3505 2649 6810 
3 2649 2645 3509 6812 
3 4780 4253 2598 6813 
3 4253 4660 4255 6814 
3 2598 2649 4780 6816 
3 2649 4659 4780 6818 
3 1477 1072 1094 6820 
3 1477 233 1072 6822 
3 3127 3126 4770 6823 
3 4766 4770 4782 6824 
3 4968 442 4969 6825 
3 357 2807 359 6832 
3 3055 2807 3093 6834 
3 357 4968 2807 6836 
3 3116 3127 4770 6837 
3 357 442 4968 6838 
3 4969 3091 4968 6839 
3 3126 3147 3396 6840 
3 2807 4968 3093 6841 
3 3055 2804 2807 6842 
3 3093 4968 4973 6845 
3 4968 3091 4973 6847 
3 898 917 916 6848 
3 897 898 774 6849 
3 898 4974 774 6850 
3 898 916 4974 6851 
3 127 4975 128 6852 
3 4976 227 128 6853 
3 131 3178 2987 6857 
3 2987 3039 127 6858 
3 127 131 2987 6859 
3 127 3039 3091 6860 
3 4973 3056 3093 6861 
3 3056 4973 3091 6865 
3 127 3091 4975 6866 
3 4969 775 4979 6867 
3 4979 4976 4969 6876 
3 4969 4976 3091 6878 
3 3091 4976 4975 6879 
3 4727 4690 4709 6884 
3 4709 4895 397 6886 
3 397 4727 4709 6887 
3 4895 395 397 6888 
3 4895 4709 4869 6890 
3 4895 4896 395 6894 
3 4976 128 4975 6896 
3 1072 221 926 6898 
3 227 4976 4985 6900 
3 220 928 221 6901 
3 220 4985 928 6904 
3 928 926 221 6905 
3 227 4985 220 6907 
3 4976 4979 4985 6914 
3 4969 442 775 6915 
3 4979 4986 4985 6916 
3 775 4986 4979 6917 
3 4986 775 774 6918 
3 4974 4986 774 6919 
3 4974 916 924 6920 
3 928 4986 4974 6921 
3 928 4985 4986 6922 
3 166 4896 4987 6923 
3 4987 392 4830 6925 
3 4830 385 4854 6929 
3 4987 4896 4894 6931 
3 4987 4894 392 6933 
3 4987 4830 4854 6934 
3 4852 34 4854 6938 
3 385 4855 4854 6940 
3 166 4987 167 6944 
3 4854 167 4987 6945 
3 170 168 167 6946 
3 4854 34 167 6947 
3 34 36 167 6948 
3 36 170 167 6955 
3 394 393 5007 6964 
3 1478 394 5007 6965 
3 4896 393 395 6967 
3 166 393 4896 6968 
3 1478 396 394 6971 
3 393 166 5007 6972 
3 166 168 5007 6973 
3 378 1478 5007 6991 
3 5007 377 378 6993 
3 5007 168 377 6994 
3 4974 924 928 7036 
3 2622 2623 5114 7055 
3 2623 2616 5114 7056 
3 5114 2616 5115 7057 
3 2479 2622 3646 7058 
3 2622 3696 3646 7059 
3 2479 2617 2622 7060 
3 5116 2622 5117 7061 
3 2622 5114 5117 7062 
3 4817 5116 4818 7065 
3 3696 5116 3685 7066 
3 5116 4817 4816 7067 
3 5116 4816 3685 7068 
3 3696 3685 3687 7069 
3 3685 4816 4805 7070 
3 2622 5116 3696 7071 
3 5116 5117 4818 7072 
3 4819 4818 5117 7073 
3 5117 5118 4819 7074 
3 5114 5118 5117 7075 
3 5114 5119 5118 7076 
3 3272 125 5122 7081 
3 3195 5122 3196 7082 
3 5122 3195 3272 7083 
3 35 5123 5122 7084 
3 125 35 5122 7085 
3 5115 3196 5122 7086 
3 2616 3196 5115 7087 
3 5119 4851 5118 7095 
3 5114 5115 5119 7096 
3 5115 5122 5119 7097 
3 5122 5123 5119 7098 
3 4852 5124 34 7099 
3 5124 4852 4851 7100 
3 5119 5124 4851 7101 
3 4851 4831 4819 7102 
3 4851 4819 5118 7103 
3 34 5124 35 7104 
3 35 5124 5123 7105 
3 5123 5124 5119 7106 
3 3124 3241 3239 7107 
3 4061 4015 3239 7112 
3 3124 3239 3108 7113 
3 3124 3108 3121 7114 
