3 3 4 1 1 
3 3 1 5 3 
3 34 35 36 25 
3 41 42 43 28 
3 51 43 52 32 
3 43 51 41 33 
3 53 54 55 34 
3 54 59 60 36 
3 59 62 60 38 
3 53 63 59 39 
3 54 53 59 40 
3 59 63 64 41 
3 64 62 59 42 
3 64 67 62 45 
3 85 86 71 58 
3 94 95 96 70 
3 104 36 35 77 
3 105 104 35 78 
3 107 108 109 81 
3 111 107 109 83 
3 109 113 114 85 
3 138 139 140 106 
3 141 140 139 107 
3 144 141 139 109 
3 145 140 141 110 
3 146 147 148 111 
3 150 151 148 114 
3 158 145 150 117 
3 2 168 169 132 
3 1 4 168 134 
3 2 1 168 135 
3 173 174 175 138 
3 176 169 168 139 
3 168 177 176 140 
3 178 176 177 141 
3 179 178 177 142 
3 174 173 180 143 
3 174 180 181 144 
3 187 173 175 147 
3 187 189 190 149 
3 190 173 187 150 
3 190 180 173 151 
3 190 109 108 152 
3 67 191 62 153 
3 192 62 191 154 
3 199 200 201 158 
3 202 191 67 159 
3 203 204 205 160 
3 203 205 206 161 
3 191 207 192 162 
3 200 199 203 163 
3 213 206 205 168 
3 203 196 204 169 
3 200 203 206 170 
3 224 225 226 184 
3 231 226 225 188 
3 232 237 230 194 
3 232 233 255 211 
3 256 237 232 212 
3 256 232 255 214 
3 260 233 261 219 
3 262 263 260 221 
3 262 260 264 222 
3 233 260 255 223 
3 260 263 255 224 
3 256 255 263 225 
3 205 265 213 226 
3 266 200 206 227 
3 190 113 109 228 
3 266 206 213 229 
3 181 180 190 232 
3 190 108 181 233 
3 275 276 277 243 
3 279 280 277 245 
3 71 281 72 246 
3 280 275 277 247 
3 278 72 281 249 
3 285 286 287 253 
3 285 281 286 254 
3 281 288 286 255 
3 288 86 286 256 
3 285 204 278 257 
3 285 278 281 258 
3 71 288 281 259 
3 145 295 151 262 
3 140 145 158 263 
3 151 150 145 264 
3 36 104 158 265 
3 104 296 158 266 
3 158 150 36 267 
3 296 138 158 268 
3 140 158 138 269 
3 141 144 145 270 
3 297 295 298 271 
3 299 300 295 272 
3 299 295 144 273 
3 295 297 148 274 
3 295 148 151 275 
3 295 145 144 276 
3 301 302 303 277 
3 303 304 301 278 
3 305 302 301 279 
3 306 307 308 280 
3 307 301 304 281 
3 301 306 309 282 
3 304 308 307 283 
3 303 310 304 284 
3 304 310 311 285 
3 307 306 301 286 
3 303 302 312 287 
3 313 314 315 288 
3 314 316 315 289 
3 315 316 317 290 
3 316 318 317 291 
3 318 319 317 292 
3 277 276 342 316 
3 276 343 342 317 
3 345 346 347 320 
3 346 345 348 321 
3 276 345 349 322 
3 346 352 347 324 
3 349 352 353 325 
3 352 349 347 326 
3 280 348 345 327 
3 345 275 280 328 
3 345 347 349 329 
3 345 276 275 330 
3 379 380 381 368 
3 205 204 285 379 
3 205 285 389 380 
3 285 287 389 381 
3 205 389 265 383 
3 392 389 287 384 
3 287 394 392 387 
3 225 395 231 388 
3 207 400 401 393 
3 402 401 400 394 
3 207 403 400 395 
3 225 406 395 399 
3 399 405 85 437 
3 420 421 405 438 
3 421 85 405 439 
3 421 422 85 440 
3 427 428 429 444 
3 441 429 442 461 
3 442 428 443 462 
3 442 444 441 463 
3 442 445 444 464 
3 442 443 445 465 
3 429 428 442 467 
3 441 444 447 468 
3 453 454 445 473 
3 441 447 455 474 
3 456 457 455 475 
3 460 461 457 477 
3 466 380 467 483 
3 470 471 467 485 
3 472 403 207 486 
3 473 403 472 487 
3 207 474 472 488 
3 263 262 475 489 
3 237 475 476 490 
3 476 475 477 491 
3 475 262 477 492 
3 475 237 256 493 
3 263 475 256 494 
3 229 237 478 495 
3 228 230 229 496 
3 237 229 230 497 
3 479 480 229 498 
3 229 481 479 499 
3 229 478 481 503 
3 237 476 483 504 
3 476 484 483 505 
3 483 478 237 506 
3 486 483 484 508 
3 487 51 488 509 
3 51 487 489 510 
3 476 491 484 514 
3 492 493 494 515 
3 511 512 513 549 
3 262 515 477 552 
3 517 491 518 554 
3 519 520 521 556 
3 515 517 518 557 
3 518 476 477 558 
3 477 515 518 559 
3 520 519 522 560 
3 467 380 523 561 
3 523 470 467 563 
3 527 343 276 565 
3 343 528 529 566 
3 529 342 343 567 
3 379 523 380 568 
3 523 379 530 569 
3 549 550 551 591 
3 552 553 554 592 
3 553 549 555 593 
3 553 556 549 594 
3 455 447 456 595 
3 557 558 553 596 
3 556 553 558 597 
3 552 557 553 598 
3 456 460 457 599 
3 447 559 560 600 
3 561 460 560 601 
3 460 456 560 602 
3 562 563 564 603 
3 560 456 447 604 
3 564 563 558 605 
3 445 454 444 606 
3 564 558 557 607 
3 563 562 565 608 
3 566 556 558 609 
3 563 566 558 610 
3 570 571 566 614 
3 566 563 565 617 
3 454 574 575 618 
3 453 574 454 619 
3 493 581 583 628 
3 493 551 581 629 
3 575 585 586 630 
3 583 494 493 631 
3 575 574 585 632 
3 585 574 453 633 
3 85 422 86 638 
3 592 593 420 644 
3 420 405 592 645 
3 598 599 600 658 
3 599 405 597 669 
3 603 598 600 675 
3 603 604 605 676 
3 521 606 519 677 
3 606 521 607 678 
3 343 606 528 679 
3 343 527 606 680 
3 608 519 606 681 
3 608 609 519 682 
3 610 522 519 683 
3 609 610 519 684 
3 465 613 612 689 
3 549 556 614 691 
3 614 550 549 692 
3 610 609 615 693 
3 608 615 609 694 
3 353 615 608 695 
3 608 349 353 696 
3 608 606 527 697 
3 527 349 608 698 
3 527 276 349 699 
3 625 626 627 715 
3 629 627 626 717 
3 632 633 634 719 
3 634 636 632 723 
3 633 632 637 724 
3 556 566 571 728 
3 559 444 454 734 
3 570 645 571 736 
3 560 559 646 738 
3 570 647 648 739 
3 559 447 444 740 
3 645 570 649 741 
3 454 575 559 742 
3 646 561 560 743 
3 614 650 550 744 
3 653 654 648 747 
3 655 561 646 748 
3 565 647 566 749 
3 571 645 556 750 
3 556 645 614 752 
3 657 179 177 753 
3 645 649 614 755 
3 168 657 177 756 
3 658 655 646 757 
3 566 647 570 758 
3 649 570 654 759 
3 659 559 575 760 
3 648 654 570 761 
3 660 654 653 762 
3 646 659 658 763 
3 551 555 549 766 
3 664 555 493 768 
3 665 512 666 769 
3 551 493 555 770 
3 667 666 517 772 
3 667 517 515 774 
3 669 670 671 775 
3 515 671 670 776 
3 670 667 515 777 
3 670 669 667 778 
3 667 669 675 780 
3 476 518 491 788 
3 517 666 491 789 
3 683 484 491 790 
3 491 684 683 791 
3 512 511 491 794 
3 491 666 512 795 
3 685 511 686 796 
3 686 511 513 797 
3 513 687 686 798 
3 553 555 664 828 
3 625 637 632 833 
3 625 627 637 835 
3 553 664 722 843 
3 633 637 727 850 
3 168 4 731 855 
3 627 733 637 857 
3 734 733 627 858 
3 735 736 733 859 
3 733 727 637 862 
3 740 731 741 863 
3 735 733 734 864 
3 742 743 735 865 
3 733 736 744 867 
3 605 598 603 868 
3 727 733 744 869 
3 598 605 599 870 
3 745 744 736 871 
3 731 657 168 872 
3 592 599 746 873 
3 604 747 748 874 
3 658 659 750 876 
3 658 752 753 878 
3 646 559 659 879 
3 754 633 755 881 
3 748 758 604 883 
3 759 758 760 885 
3 759 605 758 887 
3 746 759 760 890 
3 604 758 605 891 
3 599 605 759 892 
3 746 599 759 893 
3 634 633 754 895 
3 754 762 634 897 
3 760 758 748 900 
3 655 658 753 914 
3 175 762 187 915 
3 762 754 770 916 
3 727 755 633 917 
3 771 461 772 921 
3 493 492 722 924 
3 493 722 664 925 
3 771 772 774 926 
3 774 772 775 927 
3 755 727 777 929 
3 727 744 777 931 
3 775 772 783 934 
3 772 460 783 936 
3 772 461 460 937 
3 744 785 777 938 
3 788 789 777 943 
3 790 755 789 946 
3 783 792 775 949 
3 460 561 783 954 
3 760 593 592 960 
3 760 592 746 962 
3 405 599 592 964 
3 288 71 86 997 
3 811 748 812 1002 
3 760 748 813 1004 
3 748 811 813 1006 
3 814 813 811 1007 
3 816 817 812 1010 
3 813 814 818 1011 
3 814 811 812 1012 
3 731 4 741 1018 
3 481 822 479 1022 
3 603 822 604 1023 
3 480 479 822 1025 
3 823 822 481 1026 
3 480 822 603 1027 
3 482 229 480 1028 
3 604 822 823 1029 
3 478 824 481 1031 
3 478 483 824 1032 
3 824 483 486 1033 
3 825 826 827 1034 
3 812 748 816 1035 
3 816 748 747 1036 
3 481 824 823 1037 
3 747 604 828 1038 
3 816 747 828 1039 
3 828 829 816 1040 
3 830 829 828 1041 
3 831 381 657 1042 
3 831 657 832 1043 
3 830 828 486 1044 
3 823 828 604 1045 
3 486 828 824 1046 
3 828 823 824 1047 
3 657 731 832 1048 
3 486 683 830 1049 
3 486 484 683 1050 
3 830 683 829 1051 
3 683 816 829 1052 
3 741 4 740 1053 
3 833 834 835 1054 
3 774 836 835 1055 
3 833 835 838 1057 
3 836 774 775 1058 
3 792 839 775 1059 
3 839 836 775 1060 
3 844 783 561 1065 
3 561 655 844 1066 
3 844 792 783 1067 
3 848 849 850 1073 
3 849 854 839 1075 
3 854 849 848 1076 
3 792 849 839 1077 
3 849 844 850 1078 
3 849 792 844 1079 
3 850 844 655 1080 
3 836 858 835 1082 
3 836 859 858 1083 
3 858 838 835 1084 
3 755 777 789 1085 
3 860 789 788 1086 
3 861 788 777 1087 
3 754 790 770 1088 
3 754 755 790 1089 
3 839 859 836 1090 
3 859 838 858 1092 
3 789 860 790 1096 
3 865 866 826 1100 
3 868 854 869 1108 
3 785 744 745 1112 
3 521 520 607 1113 
3 864 859 871 1116 
3 520 522 872 1117 
3 859 839 854 1118 
3 872 873 520 1119 
3 859 864 838 1120 
3 868 859 854 1122 
3 585 319 318 1125 
3 877 831 740 1126 
3 873 626 520 1133 
3 873 629 626 1135 
3 626 607 520 1136 
3 575 586 885 1138 
3 885 659 575 1140 
3 887 610 888 1142 
3 872 887 889 1143 
3 610 615 888 1144 
3 872 610 887 1147 
3 522 610 872 1150 
3 873 872 896 1153 
3 898 889 899 1157 
3 899 887 888 1158 
3 899 889 887 1159 
3 896 889 898 1160 
3 896 872 889 1161 
3 909 683 685 1175 
3 909 910 817 1176 
3 685 683 684 1177 
3 817 816 683 1178 
3 911 873 896 1179 
3 909 817 683 1180 
3 912 911 896 1181 
3 629 873 911 1189 
3 911 917 629 1190 
3 742 734 629 1191 
3 629 734 627 1192 
3 831 832 740 1193 
3 832 731 740 1194 
3 918 740 4 1195 
3 923 924 865 1199 
3 734 742 735 1200 
3 742 917 925 1201 
3 925 743 742 1202 
3 917 742 629 1205 
3 925 917 929 1209 
3 930 931 929 1210 
3 911 912 930 1211 
3 930 917 911 1212 
3 929 917 930 1213 
3 931 925 929 1214 
3 932 931 930 1215 
3 933 934 931 1216 
3 935 934 933 1217 
3 935 933 936 1218 
3 936 898 899 1219 
3 937 936 938 1220 
3 932 930 912 1221 
3 933 931 932 1222 
3 896 898 932 1223 
3 912 896 932 1224 
3 898 936 932 1225 
3 932 936 933 1226 
3 956 957 958 1246 
3 958 957 959 1247 
3 956 866 957 1248 
3 700 960 699 1249 
3 866 956 961 1250 
3 562 958 959 1251 
3 962 826 825 1252 
3 699 964 963 1254 
3 965 960 966 1256 
3 865 957 866 1257 
3 964 967 968 1258 
3 967 964 965 1261 
3 959 565 562 1262 
3 562 564 958 1263 
3 700 966 960 1264 
3 564 969 958 1265 
3 970 966 700 1266 
3 958 969 956 1267 
3 961 826 866 1269 
3 964 699 965 1270 
3 972 973 974 1271 
3 699 960 965 1273 
3 968 976 964 1275 
3 977 973 972 1276 
3 979 972 980 1278 
3 654 993 970 1313 
3 700 995 970 1316 
3 660 966 993 1317 
3 491 511 684 1318 
3 970 993 966 1320 
3 910 812 817 1321 
3 910 814 812 1322 
3 997 814 910 1323 
3 998 967 966 1324 
3 966 967 965 1325 
3 998 966 660 1326 
3 970 614 649 1327 
3 999 909 685 1331 
3 660 1000 998 1333 
3 649 654 970 1334 
3 685 684 511 1335 
3 4 3 918 1336 
3 686 1001 685 1338 
3 970 650 614 1339 
3 740 918 1002 1341 
3 740 1007 1008 1347 
3 877 740 1008 1350 
3 1002 918 3 1352 
3 1007 740 1002 1355 
3 1014 1015 994 1357 
3 1002 3 1007 1359 
3 1017 1018 1019 1361 
3 686 1020 1001 1362 
3 999 1001 1022 1364 
3 1001 1023 1022 1365 
3 999 910 909 1366 
3 999 685 1001 1368 
3 660 993 654 1369 
3 1022 997 910 1370 
3 1022 910 999 1371 
3 1025 422 421 1372 
3 1026 1025 593 1373 
3 421 420 593 1374 
3 593 1025 421 1375 
3 287 286 394 1377 
3 1031 923 962 1381 
3 962 1032 1031 1382 
3 1025 86 422 1384 
3 1033 394 1034 1386 
3 394 1035 1034 1387 
3 394 286 1039 1392 
3 394 1033 392 1393 
3 1025 1039 286 1394 
3 750 659 885 1407 
3 750 752 658 1408 
3 1046 752 750 1409 
3 1046 1054 1055 1437 
3 1046 885 1056 1438 
3 1057 1058 1059 1439 
3 885 1046 750 1440 
3 1058 1060 1061 1441 
3 1063 1046 1056 1443 
3 1064 1065 1066 1444 
3 1059 1067 1057 1445 
3 1063 1056 1068 1446 
3 1069 1057 1067 1447 
3 187 1067 1059 1448 
3 770 1069 1067 1449 
3 1068 1070 1063 1450 
3 1060 1058 1057 1451 
3 1071 1072 1069 1452 
3 1064 1077 114 1457 
3 113 1064 114 1458 
3 1070 1078 1063 1459 
3 1078 1054 1063 1460 
3 1035 394 1039 1465 
3 1025 286 86 1466 
3 865 962 923 1467 
3 923 1031 1081 1468 
3 826 962 865 1469 
3 1026 1082 1083 1470 
3 1084 813 818 1471 
3 1084 760 813 1472 
3 3 1085 1007 1473 
3 1026 1084 818 1474 
3 1039 1083 1035 1475 
3 1083 1025 1026 1476 
3 760 1084 593 1480 
3 1026 593 1084 1481 
3 818 1082 1026 1483 
3 1039 1025 1083 1485 
3 657 380 179 1506 
3 831 530 381 1510 
3 1096 1015 1110 1524 
3 1003 1019 1018 1531 
3 113 1065 1064 1536 
3 1115 1116 1081 1537 
3 1117 1118 1119 1538 
3 1116 973 1081 1539 
3 1116 974 973 1540 
3 1065 113 1120 1541 
3 1121 1122 1120 1542 
3 113 1121 1120 1543 
3 1122 1059 1058 1545 
3 189 1059 1122 1548 
3 1122 190 189 1550 
3 189 187 1059 1551 
3 1031 1032 1081 1552 
3 977 1081 973 1553 
3 113 190 1121 1554 
3 1110 1126 1096 1556 
3 1121 190 1122 1557 
3 1120 1122 1058 1560 
3 1128 1120 1058 1561 
3 1130 1131 1117 1563 
3 1118 1117 1132 1564 
3 1132 1003 1118 1565 
3 1003 1119 1118 1566 
3 530 379 381 1567 
3 657 381 380 1568 
3 1003 1132 1019 1570 
3 530 877 1134 1575 
3 977 923 1081 1577 
3 667 675 1138 1579 
3 877 530 831 1580 
3 1134 471 470 1583 
3 1134 470 530 1584 
3 666 667 1138 1585 
3 470 523 530 1586 
3 1140 513 665 1587 
3 666 1138 665 1588 
3 3 1141 1085 1589 
3 1007 1085 1008 1590 
3 665 513 512 1592 
3 1008 1085 1143 1596 
3 1117 1131 1144 1599 
3 1008 1143 1145 1601 
3 1008 1145 877 1602 
3 1146 1147 1138 1604 
3 665 1138 1147 1605 
3 665 1147 1140 1607 
3 1146 1144 1147 1608 
3 1131 1147 1144 1610 
3 1146 1138 675 1615 
3 1132 1117 1155 1619 
3 660 653 1156 1620 
3 1146 1155 1117 1621 
3 1144 1146 1117 1622 
3 1020 686 687 1625 
3 980 972 974 1638 
3 464 964 976 1639 
3 1168 465 976 1640 
3 1117 1119 1130 1641 
3 1134 877 1145 1642 
3 613 465 1169 1643 
3 1170 1130 1119 1644 
3 1169 1171 613 1645 
3 1145 1172 1134 1646 
3 465 1168 1169 1647 
3 1131 1173 1174 1648 
3 976 465 464 1649 
3 1147 1131 1174 1650 
3 1141 1175 1143 1652 
3 1130 1173 1131 1653 
3 1147 1174 1140 1654 
3 976 968 1168 1655 
3 513 1140 687 1656 
3 1168 968 1176 1657 
3 968 967 1176 1658 
3 1177 687 1140 1659 
3 998 1176 967 1660 
3 1168 1176 1169 1661 
3 1022 1023 997 1662 
3 1169 1176 1178 1663 
3 1179 997 1023 1664 
3 1179 814 997 1665 
3 1180 998 1181 1666 
3 1182 998 1180 1667 
3 1183 1175 1184 1668 
3 1180 1185 1182 1669 
3 1186 1185 1187 1670 
3 1143 1183 1145 1671 
3 1188 1179 1023 1672 
3 1185 1178 1182 1673 
3 818 1188 1082 1674 
3 818 1179 1188 1675 
3 1145 1183 1184 1676 
3 1176 998 1182 1677 
3 1189 1082 1188 1678 
3 1172 1145 1184 1679 
3 1082 1035 1083 1680 
3 1175 467 1184 1681 
3 1034 1035 1082 1682 
3 1185 1186 1178 1683 
3 1082 1189 1034 1684 
3 1172 1184 467 1685 
3 818 814 1179 1686 
3 471 1172 467 1687 
3 1190 1178 1186 1688 
3 471 1134 1172 1689 
3 1190 1169 1178 1690 
3 1178 1176 1182 1691 
3 1190 1171 1169 1692 
3 1065 1191 1192 1694 
3 1193 1194 266 1695 
3 1195 1196 1197 1696 
3 1065 1120 1191 1697 
3 200 266 1194 1698 
3 1120 1128 1191 1699 
3 1191 1198 1192 1700 
3 1199 1198 1191 1701 
3 1200 467 1201 1702 
3 1197 1202 1194 1703 
3 1193 1197 1194 1704 
3 1058 1061 1203 1705 
3 1203 1128 1058 1706 
3 1197 1196 1204 1707 
3 266 213 265 1708 
3 1201 1205 1206 1711 
3 1195 266 265 1713 
3 1193 1195 1197 1714 
3 1196 1195 1207 1715 
3 1208 1207 1195 1716 
3 298 1070 1068 1717 
3 1209 1078 1070 1718 
3 1199 1191 1128 1724 
3 1128 1203 1199 1726 
3 265 1208 1195 1727 
3 1195 1193 266 1728 
3 1046 1063 1054 1733 
3 1203 1220 1199 1734 
3 1055 1078 1221 1735 
3 1221 1078 1224 1740 
3 1055 1054 1078 1741 
3 655 753 850 1750 
3 1233 854 848 1751 
3 1234 979 980 1752 
3 1235 979 1234 1753 
3 1235 1234 1236 1754 
3 1240 1241 1242 1763 
3 1242 980 1240 1769 
3 1234 980 1236 1770 
3 1236 980 1242 1771 
3 1247 1236 1242 1772 
3 1247 96 95 1774 
3 55 1247 53 1777 
3 95 53 1247 1778 
3 96 1247 1242 1779 
3 1235 1247 55 1780 
3 1247 1235 1236 1784 
3 1254 1255 1256 1787 
3 1204 1196 1207 1788 
3 1257 860 788 1792 
3 1258 860 1257 1793 
3 860 770 790 1794 
3 1255 1259 1260 1795 
3 1259 1255 1254 1796 
3 1259 1254 1261 1797 
3 1207 1254 1256 1798 
3 1254 1262 1261 1799 
3 860 1069 770 1800 
3 1257 1263 1264 1802 
3 1257 1264 1258 1803 
3 1265 1264 1263 1804 
3 1262 1254 1208 1809 
3 1207 1208 1254 1810 
3 1270 265 1271 1811 
3 1275 1271 389 1813 
3 1270 1271 1275 1816 
3 389 1271 265 1817 
3 1276 1270 1275 1818 
3 1276 1208 1270 1819 
3 1208 265 1270 1820 
3 1280 1208 1276 1824 
3 1282 1260 1259 1826 
3 1282 1283 1260 1827 
3 1071 1069 860 1846 
3 860 1258 1071 1848 
3 1294 611 1295 1850 
3 1298 1295 1299 1853 
3 611 612 613 1862 
3 613 1299 611 1864 
3 1302 1060 1057 1866 
3 611 1299 1295 1868 
3 1302 1057 1069 1869 
3 1171 1299 613 1872 
3 1174 1177 1140 1873 
3 1304 687 1177 1875 
3 1309 1110 1015 1883 
3 1069 1072 1302 1892 
3 1315 1072 1071 1893 
3 1315 1302 1072 1894 
3 1316 1302 1315 1895 
3 1061 1060 1325 1908 
3 1326 1325 1060 1911 
3 1325 1220 1061 1912 
3 1060 1302 1326 1914 
3 1327 1326 1316 1915 
3 1302 1316 1326 1917 
3 1315 1327 1316 1918 
3 1329 1299 1190 1919 
3 1171 1190 1299 1920 
3 1258 1315 1071 1921 
3 1187 1330 1190 1922 
3 1187 1190 1186 1924 
3 1258 1327 1315 1925 
3 1282 1280 1334 1930 
3 1280 1337 1334 1935 
3 1337 1280 1276 1937 
3 1259 1261 1282 1942 
3 1283 1339 1340 1944 
3 1339 1283 1282 1946 
3 1339 1282 1334 1947 
3 1282 1261 1262 1948 
3 1280 1282 1262 1950 
3 1262 1208 1280 1951 
3 1264 1327 1258 1962 
3 869 854 1233 1975 
3 868 1354 871 1980 
3 869 1354 868 1983 
3 868 871 859 1993 
3 1377 1378 1379 2013 
3 1371 1380 1381 2014 
3 1382 1380 1371 2015 
3 1377 1383 1384 2016 
3 1265 1385 1327 2017 
3 1265 1386 1385 2018 
3 1264 1265 1327 2019 
3 1387 1377 1388 2020 
3 1387 1383 1377 2021 
3 1190 1330 1329 2022 
3 1370 1299 1329 2024 
3 1221 1389 1390 2025 
3 1330 1382 1370 2028 
3 1329 1330 1370 2030 
3 1330 1187 1392 2032 
3 1330 1396 1382 2034 
3 1396 1380 1382 2035 
3 1400 1381 1401 2039 
3 1381 1380 1396 2041 
3 1221 1390 1387 2047 
3 1404 1405 1406 2048 
3 1390 1407 1387 2049 
3 1387 1407 1383 2050 
3 1407 1384 1383 2051 
3 1396 1405 1404 2053 
3 1405 1396 1409 2054 
3 1401 1396 1404 2055 
3 1330 1410 1396 2056 
3 1370 1382 1371 2058 
3 1354 869 1412 2059 
3 1381 1396 1401 2060 
3 869 1413 1412 2061 
3 1416 1199 1417 2066 
3 1418 1180 1419 2068 
3 1377 1384 1413 2071 
3 1198 1199 1416 2072 
3 1418 1185 1180 2073 
3 1413 1421 1377 2074 
3 1413 869 1421 2075 
3 1419 1180 1181 2076 
3 1420 1422 1423 2077 
3 1412 1413 1422 2079 
3 998 1000 1181 2081 
3 1413 1423 1422 2082 
3 1418 1419 1424 2085 
3 1419 1425 1426 2087 
3 1412 1422 1420 2089 
3 1000 1425 1419 2091 
3 1419 1181 1000 2093 
3 1384 1423 1413 2095 
3 1419 1426 1424 2097 
3 1427 1425 1000 2098 
3 1000 660 1156 2102 
3 138 1435 139 2110 
3 1425 1436 1426 2111 
3 1427 1000 1156 2112 
3 1427 1156 1437 2113 
3 1436 1425 1427 2114 
3 1416 1417 1442 2124 
3 1447 1442 1417 2130 
3 3 5 1141 2145 
3 1141 1458 1175 2146 
3 1085 1141 1143 2148 
3 1458 1201 467 2149 
3 467 1175 1458 2150 
3 1183 1143 1175 2151 
3 1201 1458 1205 2154 
3 298 300 1460 2156 
3 1460 1070 298 2157 
3 1461 1462 1458 2158 
3 1462 224 1205 2160 
3 1462 1461 224 2161 
3 1205 1458 1462 2163 
3 299 1471 1460 2173 
3 299 1472 1471 2174 
3 1460 300 299 2175 
3 1209 1070 1460 2176 
3 1472 299 139 2177 
3 298 295 300 2179 
3 1460 1471 1209 2181 
3 144 139 299 2182 
3 1472 1486 1471 2195 
3 1472 139 1486 2196 
3 139 1435 1486 2197 
3 1486 1487 1471 2198 
3 1488 1471 1487 2199 
3 1486 1489 1490 2203 
3 1224 1078 1209 2218 
3 1221 1495 1389 2220 
3 1221 1224 1495 2221 
3 1487 1497 1488 2223 
3 1495 1224 1488 2225 
3 1209 1488 1224 2226 
3 1209 1471 1488 2227 
3 1490 1487 1486 2228 
3 1497 1495 1488 2230 
3 1503 1487 1504 2231 
3 1490 1504 1487 2232 
3 1503 1497 1487 2234 
3 1513 1119 1126 2249 
3 1119 1513 1517 2253 
3 1518 1517 1513 2254 
3 1126 1119 1003 2258 
3 1520 1110 1309 2260 
3 1520 1309 1014 2265 
3 1524 1513 1525 2273 
3 1525 1110 1520 2280 
3 1513 1126 1525 2282 
3 1110 1525 1126 2283 
3 224 1461 225 2284 
3 1141 1530 1461 2285 
3 1531 1532 1533 2286 
3 1141 1461 1458 2287 
3 1447 1531 1533 2288 
3 1534 1518 1513 2289 
3 1533 1442 1447 2290 
3 1170 1119 1517 2291 
3 1014 1542 1520 2298 
3 1447 1544 1531 2303 
3 1524 1520 1542 2305 
3 1524 1525 1520 2314 
3 1549 1513 1524 2323 
3 1061 1220 1203 2324 
3 1549 1524 1542 2325 
3 1552 1553 1554 2330 
3 1553 1552 1555 2333 
3 1556 1552 1557 2335 
3 1283 1572 1260 2351 
3 1255 1260 1572 2352 
3 1572 1575 1255 2356 
3 1575 1576 1577 2357 
3 1577 1578 1575 2358 
3 1577 1579 1578 2360 
3 1575 1572 1576 2363 
3 1517 1586 1170 2378 
3 1586 1517 1518 2380 
3 1518 1588 1586 2382 
3 1579 1591 1578 2385 
3 1591 1592 1593 2387 
3 1591 1596 1578 2390 
3 1593 1596 1591 2393 
3 1424 1605 1418 2417 
3 1606 1605 1424 2419 
3 1614 1615 1616 2434 
3 1392 1187 1605 2497 
3 1605 1645 1392 2501 
3 1185 1605 1187 2505 
3 1606 1645 1605 2507 
3 1185 1418 1605 2508 
3 1648 1406 1649 2509 
3 1645 1651 1652 2511 
3 1410 1652 1409 2512 
3 1409 1653 1405 2513 
3 1406 1405 1653 2514 
3 1653 1649 1406 2516 
3 1396 1410 1409 2518 
3 1392 1410 1330 2520 
3 1392 1645 1652 2522 
3 1410 1392 1652 2527 
3 1652 1653 1409 2529 
3 1654 1649 1652 2530 
3 1652 1649 1653 2531 
3 1424 1426 1606 2532 
3 1426 1655 1606 2533 
3 1645 1657 1651 2537 
3 1645 1606 1657 2539 
3 1655 1657 1606 2540 
3 1658 1659 1657 2542 
3 1660 1661 1662 2545 
3 1651 1660 1652 2546 
3 1651 1661 1660 2547 
3 1651 1659 1661 2548 
3 1666 1170 1586 2554 
3 1667 1668 1669 2555 
3 1588 1670 1586 2556 
3 1586 1670 1671 2557 
3 1390 1389 1407 2568 
3 1389 1677 1407 2569 
3 1407 1423 1384 2573 
3 1423 1407 1679 2575 
3 1680 1503 1504 2576 
3 1497 1677 1389 2578 
3 1682 1677 1668 2579 
3 1680 1497 1503 2584 
3 1684 1668 1667 2586 
3 1680 1677 1497 2587 
3 1389 1495 1497 2588 
3 1680 1668 1677 2589 
3 1534 1588 1518 2590 
3 1682 1679 1677 2591 
3 1679 1407 1677 2592 
3 1513 1685 1534 2593 
3 1588 1534 1670 2596 
3 1534 1687 1688 2597 
3 1553 1447 1554 2598 
3 1417 1554 1447 2599 
3 1220 1557 1554 2600 
3 1554 1417 1199 2601 
3 1554 1557 1552 2602 
3 1199 1220 1554 2603 
3 1557 1220 1325 2604 
3 1685 1549 1689 2605 
3 1690 1616 1691 2606 
3 1513 1549 1685 2608 
3 1615 1691 1616 2609 
3 1691 1694 1690 2610 
3 1616 1690 1696 2612 
3 1696 1614 1616 2613 
3 1679 1682 1423 2615 
3 1668 1684 1682 2616 
3 1685 1701 1687 2620 
3 1702 1703 1704 2621 
3 1702 1705 1703 2622 
3 1714 1447 1553 2631 
3 1715 1716 1615 2632 
3 1691 1716 1702 2633 
3 1716 1705 1702 2634 
3 1691 1615 1716 2635 
3 1447 1719 1544 2637 
3 1723 1724 1703 2642 
3 1725 1723 1703 2645 
3 1704 1703 1724 2646 
3 1423 1682 1726 2647 
3 1423 1726 1420 2654 
3 1420 1726 1729 2655 
3 1731 1724 1732 2656 
3 1684 1730 1726 2657 
3 1684 1726 1682 2658 
3 1724 1723 1733 2660 
3 1733 1732 1724 2663 
3 1729 1726 1730 2665 
3 1680 1504 1669 2666 
3 1668 1680 1669 2667 
3 1734 1735 1736 2668 
3 1737 585 318 2669 
3 1736 1696 1734 2670 
3 318 316 1737 2671 
3 1696 1736 1614 2672 
3 316 1068 1737 2673 
3 1737 1068 1056 2674 
3 1614 1738 1739 2675 
3 1737 1056 885 2676 
3 1737 885 586 2677 
3 1737 586 585 2678 
3 1734 1740 1735 2679 
3 753 1741 1379 2680 
3 1736 1735 1738 2681 
3 752 1741 753 2682 
3 1387 1742 1221 2683 
3 1734 1743 1740 2684 
3 1742 1055 1221 2685 
3 1744 1742 1387 2686 
3 1055 1742 1744 2687 
3 1388 1744 1387 2688 
3 1741 752 1744 2689 
3 1046 1744 752 2690 
3 1735 1745 1738 2691 
3 1046 1055 1744 2692 
3 1379 850 753 2693 
3 1739 1746 1614 2694 
3 1378 1421 1233 2695 
3 1738 1614 1736 2696 
3 1377 1421 1378 2697 
3 869 1233 1421 2698 
3 1377 1379 1388 2699 
3 1379 1233 850 2700 
3 1741 1744 1379 2701 
3 1379 1378 1233 2702 
3 1744 1388 1379 2703 
3 848 850 1233 2705 
3 1748 1719 1749 2706 
3 1750 1751 226 2707 
3 1752 1719 1714 2708 
3 1719 1447 1714 2709 
3 1555 1714 1553 2711 
3 1555 1752 1714 2713 
3 1661 1757 1758 2715 
3 1661 1758 1662 2716 
3 1657 1659 1651 2718 
3 1659 1759 1661 2719 
3 959 957 1760 2722 
3 924 1760 957 2723 
3 959 1760 565 2726 
3 957 865 924 2729 
3 1592 1591 1764 2730 
3 924 1765 1760 2731 
3 647 1768 1769 2733 
3 1770 1771 1772 2735 
3 1701 1685 1689 2736 
3 1542 1771 1689 2738 
3 1549 1542 1689 2739 
3 1701 1689 1773 2741 
3 1774 1591 1775 2744 
3 1774 1764 1591 2746 
3 1591 1579 1775 2750 
3 1579 1577 1775 2751 
3 1780 1775 1577 2755 
3 1783 1784 1785 2759 
3 1572 1283 1786 2760 
3 1572 1787 1576 2761 
3 1544 1719 1788 2762 
3 1788 1719 1748 2763 
3 1544 1788 1789 2764 
3 1789 1788 1792 2768 
3 1783 1785 1792 2772 
3 1787 1797 1780 2777 
3 1787 1577 1576 2778 
3 1780 1577 1787 2779 
3 1534 1685 1687 2780 
3 1797 1787 1798 2781 
3 1688 1687 1799 2782 
3 1701 1799 1687 2783 
3 1688 1802 1803 2786 
3 1788 1748 1792 2791 
3 1803 1534 1688 2793 
3 1748 1749 1807 2795 
3 1808 1803 1809 2797 
3 1803 1802 1809 2798 
3 1810 1811 1807 2799 
3 1783 1748 1812 2800 
3 1783 1792 1748 2803 
3 1768 1760 1765 2804 
3 1816 653 648 2807 
3 1769 1817 1818 2810 
3 1816 648 1769 2816 
3 1765 1769 1768 2818 
3 1765 1817 1769 2819 
3 1817 1765 1820 2820 
3 648 647 1769 2822 
3 1821 1822 1823 2823 
3 1825 1822 1821 2825 
3 565 1768 647 2826 
3 565 1760 1768 2827 
3 1826 1825 1821 2828 
3 924 1820 1765 2830 
3 1826 1784 1825 2831 
3 1825 1748 1807 2832 
3 1784 1783 1825 2833 
3 1812 1748 1825 2834 
3 1828 1829 1830 2835 
3 1828 1831 1829 2836 
3 979 1828 972 2837 
3 1829 1831 1832 2838 
3 2 169 1833 2839 
3 1834 1833 169 2840 
3 977 1828 1835 2841 
3 977 972 1828 2842 
3 979 1832 1831 2843 
3 979 1831 1828 2844 
3 1769 1836 1816 2845 
3 1156 653 1816 2846 
3 1816 1437 1156 2847 
3 1837 1437 1816 2848 
3 1838 1787 1572 2849 
3 1786 1838 1572 2850 
3 1786 1839 1838 2853 
3 1798 1787 1838 2854 
3 1839 1786 1283 2859 
3 1848 1818 1817 2873 
3 1818 1848 1836 2874 
3 1769 1818 1836 2875 
3 1774 1775 1849 2876 
3 1849 1775 1797 2877 
3 1850 1774 1849 2878 
3 1775 1780 1797 2879 
3 1797 1798 1854 2882 
3 1854 1798 1838 2893 
3 1849 1859 1860 2894 
3 1849 1797 1859 2895 
3 1334 1337 1865 2898 
3 1276 1866 1337 2902 
3 1870 2 1871 2909 
3 1833 1871 2 2910 
3 1885 1886 492 2947 
3 1893 1894 1895 2953 
3 1896 1897 1898 2954 
3 1895 1900 1893 2956 
3 1893 1897 1896 2962 
3 1735 1740 1751 2963 
3 1893 1896 1894 2964 
3 1897 1901 1898 2965 
3 1913 1820 924 2978 
3 924 923 1913 2979 
3 1812 1825 1783 2980 
3 1914 1820 1913 2981 
3 1715 1915 1916 2982 
3 1915 1615 1614 2983 
3 1915 1715 1615 2984 
3 1716 1715 1916 2985 
3 1915 1614 1746 2986 
3 1746 1917 1915 2987 
3 1918 1919 1920 2988 
3 1921 1922 1920 2989 
3 1923 1918 1920 2990 
3 1924 1921 1919 2991 
3 1921 1920 1919 2992 
3 1925 1705 1716 2993 
3 1703 1705 1925 2994 
3 1925 1725 1703 2995 
3 1926 1927 1725 2996 
3 1716 1916 1925 2998 
3 1725 1925 1926 2999 
3 1927 1926 1930 3000 
3 1932 1933 1927 3003 
3 1897 1937 1938 3009 
3 1325 1326 1940 3011 
3 1557 1325 1940 3014 
3 1326 1942 1940 3016 
3 1940 1943 1557 3017 
3 1556 1557 1943 3018 
3 1942 1943 1940 3020 
3 1945 1552 1556 3021 
3 1943 1946 1945 3023 
3 1556 1943 1945 3024 
3 1326 1947 1942 3025 
3 1749 1963 1964 3044 
3 1807 1749 1964 3045 
3 1963 1749 1752 3046 
3 1965 1964 1963 3048 
3 1966 1897 1893 3050 
3 1965 1967 1964 3051 
3 1749 1719 1752 3052 
3 1966 1968 1897 3053 
3 1901 1897 1938 3054 
3 1969 1943 1942 3055 
3 1947 1970 1969 3056 
3 1972 1385 1386 3058 
3 1973 1974 1972 3059 
3 1972 1974 1970 3061 
3 1385 1972 1327 3063 
3 1972 1970 1947 3064 
3 492 1887 1885 3067 
3 1883 492 494 3069 
3 1937 1897 1968 3070 
3 1968 1977 1937 3071 
3 1981 1982 1983 3074 
3 1985 1981 1983 3076 
3 1797 1854 1859 3078 
3 1838 1988 1854 3079 
3 1979 1981 1985 3080 
3 1991 1994 1995 3087 
3 1991 1997 1994 3094 
3 2003 1914 2004 3104 
3 2005 2006 1914 3105 
3 2010 1839 1340 3109 
3 1340 1334 1865 3111 
3 1339 1334 1340 3112 
3 1283 1340 1839 3113 
3 2011 2010 1340 3115 
3 2011 2015 2016 3126 
3 2015 2011 1340 3128 
3 1925 1916 2037 3151 
3 1916 1915 2037 3153 
3 1925 2037 1930 3154 
3 1926 1925 1930 3156 
3 2037 1917 1930 3157 
3 2037 1915 1917 3158 
3 2046 2047 2048 3163 
3 1923 2049 1930 3164 
3 1202 2050 1194 3165 
3 1923 1930 1917 3166 
3 2051 2050 2052 3167 
3 2053 2048 2047 3168 
3 2055 2056 1901 3175 
3 1901 2056 2047 3178 
3 2050 200 1194 3179 
3 1901 2047 1898 3181 
3 201 200 2050 3182 
3 2053 2056 2055 3184 
3 1896 1898 2047 3185 
3 2053 2047 2056 3189 
3 2061 2053 2055 3192 
3 2055 1901 2062 3194 
3 1969 1942 1947 3217 
3 2049 2073 1927 3220 
3 2073 1932 1927 3221 
3 2049 1927 1930 3223 
3 2073 2074 1932 3225 
3 2075 2076 2077 3226 
3 2074 2078 2079 3229 
3 2080 2075 2081 3231 
3 2078 2083 2084 3236 
3 1327 1947 1326 3240 
3 2085 2086 2087 3242 
3 2088 2089 2086 3243 
3 2075 2080 2076 3245 
3 1997 2077 2076 3247 
3 1994 1997 2080 3249 
3 2088 2061 2089 3250 
3 2080 1997 2076 3251 
3 1989 2077 2093 3252 
3 2087 2086 2089 3253 
3 2094 2087 2089 3254 
3 2077 1997 2093 3255 
3 2087 2094 2095 3256 
3 1997 1984 2093 3261 
3 2101 2061 2055 3263 
3 2101 2089 2061 3265 
3 1947 1327 1972 3288 
3 2089 2101 2120 3292 
3 2094 2089 2120 3294 
3 977 2004 923 3307 
3 1901 2126 2062 3309 
3 2126 1901 1938 3310 
3 2126 2120 2062 3311 
3 2126 1938 1937 3314 
3 2062 2120 2055 3315 
3 2120 2101 2055 3317 
3 722 1886 553 3320 
3 2016 2128 2129 3321 
3 554 553 1886 3322 
3 1995 1885 1887 3327 
3 554 1994 2080 3328 
3 1992 1995 1887 3330 
3 2134 2084 2083 3337 
3 2135 2136 2137 3340 
3 1967 1965 2138 3342 
3 2139 2140 2016 3344 
3 2139 2141 2142 3345 
3 1974 2143 1970 3347 
3 1969 1970 2143 3348 
3 2084 2079 2078 3351 
3 1922 2049 1920 3353 
3 2073 2078 2074 3354 
3 2073 1922 2078 3355 
3 2049 1923 1920 3356 
3 1965 2143 2138 3366 
3 1921 2149 1922 3367 
3 2150 2083 2078 3368 
3 2150 2134 2083 3369 
3 1552 1945 1555 3370 
3 1922 2150 2078 3371 
3 1946 1969 2151 3372 
3 1235 1832 979 3373 
3 1946 1943 1969 3374 
3 54 1832 1235 3375 
3 1235 55 54 3376 
3 1946 2152 1963 3377 
3 1946 2151 2152 3378 
3 2151 1969 2143 3379 
3 2152 2151 2143 3381 
3 1965 1963 2152 3382 
3 1945 1946 1963 3384 
3 1963 1555 1945 3386 
3 1965 2152 2143 3392 
3 1963 1752 1555 3393 
3 1530 5 2156 3396 
3 1828 1830 1835 3397 
3 1995 1994 554 3398 
3 2120 2157 2094 3399 
3 1886 1995 554 3400 
3 1886 1885 1995 3401 
3 2004 1914 1913 3402 
3 1995 1992 1991 3403 
3 923 2004 1913 3404 
3 2080 552 554 3405 
3 722 492 1886 3406 
3 1835 2004 977 3410 
3 2160 2161 2087 3411 
3 2157 2095 2094 3414 
3 2136 2164 2137 3419 
3 2165 2166 2139 3420 
3 2165 2139 2016 3421 
3 969 2167 2081 3422 
3 2081 2167 2080 3423 
3 2080 2167 552 3424 
3 564 557 2167 3426 
3 564 2167 969 3427 
3 552 2167 557 3431 
3 1953 2028 2171 3435 
3 2173 2174 1838 3440 
3 2178 2171 2028 3445 
3 1922 2073 2049 3452 
3 2134 2150 2185 3457 
3 2028 2186 2178 3458 
3 1922 2149 2187 3459 
3 2171 2178 2188 3460 
3 1922 2187 2150 3461 
3 2182 2171 2188 3462 
3 1964 1967 1810 3463 
3 1807 1964 1810 3468 
3 1810 2195 1811 3470 
3 1810 2196 2195 3472 
3 1810 1967 2196 3473 
3 1825 1807 1811 3475 
3 1825 1811 2195 3476 
3 2003 2004 1835 3480 
3 2199 2200 1822 3482 
3 2174 1988 1838 3484 
3 2199 1822 2201 3485 
3 1822 1825 2201 3487 
3 2173 1839 2010 3488 
3 2199 2201 2202 3490 
3 2201 1825 2195 3491 
3 1838 1839 2173 3496 
3 2207 2208 2173 3501 
3 2210 2188 2211 3513 
3 1835 2213 2003 3515 
3 2213 2214 2003 3517 
3 2188 2178 2211 3519 
3 2211 2178 2186 3520 
3 1830 2213 1835 3521 
3 2219 2220 2221 3525 
3 2222 2219 2210 3527 
3 2219 2221 2210 3529 
3 2211 2222 2210 3530 
3 1933 1725 1927 3534 
3 1933 1723 1725 3535 
3 1933 1932 2225 3537 
3 1933 2225 2226 3538 
3 1933 2226 1723 3541 
3 2227 1967 2138 3542 
3 2011 2207 2173 3545 
3 2010 2011 2173 3546 
3 2233 2201 2195 3547 
3 2011 2016 2207 3548 
3 2233 2195 2196 3549 
3 2219 2238 2239 3554 
3 2240 2241 2220 3558 
3 961 956 2243 3563 
3 2244 2211 2186 3566 
3 2052 2244 2186 3567 
3 2245 2246 2247 3568 
3 2028 2052 2186 3569 
3 1723 2226 1733 3570 
3 2226 2248 1733 3571 
3 2249 1202 1197 3572 
3 1202 2249 2250 3573 
3 2244 2222 2211 3574 
3 2250 2052 1202 3576 
3 2050 1202 2052 3578 
3 2244 2052 2250 3579 
3 2238 2249 1204 3580 
3 2239 2238 2253 3581 
3 2238 1204 2254 3582 
3 1204 1207 2254 3583 
3 2095 2160 2087 3584 
3 1207 1256 2254 3585 
3 2255 2256 2157 3586 
3 1256 2253 2254 3587 
3 2095 2157 2160 3589 
3 2157 2256 2160 3590 
3 2074 2225 1932 3594 
3 2079 2084 2262 3597 
3 2262 2263 2079 3602 
3 2263 2074 2079 3603 
3 2074 2263 2225 3605 
3 2120 2266 2267 3606 
3 2157 2120 2267 3607 
3 2263 2270 2271 3611 
3 2271 2225 2263 3612 
3 2262 2272 2263 3614 
3 2262 2084 2272 3615 
3 2272 2273 2263 3616 
3 2273 2272 1077 3619 
3 2272 111 109 3623 
3 2276 2270 2263 3627 
3 2276 2263 2273 3628 
3 2272 109 114 3629 
3 114 1077 2272 3630 
3 1772 2277 1770 3633 
3 1746 1739 1745 3634 
3 1773 2278 1701 3635 
3 1745 1739 1738 3636 
3 2280 1745 1735 3639 
3 2280 1735 2281 3640 
3 1799 1701 2278 3641 
3 2280 2284 2285 3646 
3 1745 2280 2285 3647 
3 2288 2289 2290 3649 
3 2288 2290 1802 3651 
3 1802 1688 2288 3653 
3 2288 1688 1799 3655 
3 2278 2288 1799 3658 
3 1746 1745 2293 3660 
3 1772 2294 2277 3661 
3 1770 1773 1689 3662 
3 1689 1771 1770 3663 
3 1770 2278 1773 3665 
3 2296 2278 1770 3666 
3 2277 2296 1770 3667 
3 2288 2278 2289 3668 
3 2297 2298 2285 3669 
3 2300 1923 1917 3671 
3 2293 2300 1917 3672 
3 2285 2298 1923 3673 
3 2278 2296 2301 3674 
3 2285 1923 2300 3675 
3 2285 2293 1745 3676 
3 2285 2300 2293 3677 
3 1917 1746 2293 3678 
3 2296 2302 2301 3679 
3 2303 2304 2305 3680 
3 2308 2309 2296 3682 
3 2202 2201 2233 3684 
3 2238 2222 2249 3685 
3 1141 5 1530 3687 
3 1197 1204 2249 3688 
3 2238 2219 2222 3690 
3 2253 2238 2254 3692 
3 2196 1967 2227 3693 
3 2249 2222 2244 3694 
3 2244 2250 2249 3695 
3 1982 2315 1983 3701 
3 1832 54 1829 3709 
3 1989 1983 2077 3710 
3 2196 2227 2216 3711 
3 2233 2196 2216 3713 
3 2296 2309 2302 3714 
3 2233 2216 2202 3715 
3 1981 2322 1982 3723 
3 2322 2323 2324 3726 
3 2324 1982 2322 3727 
3 2325 1530 2156 3728 
3 1859 2326 1860 3729 
3 2253 1256 2327 3730 
3 1982 2328 2245 3731 
3 2329 1461 1530 3732 
3 2329 1530 2332 3736 
3 1530 2325 2332 3737 
3 2332 406 225 3740 
3 2332 225 2329 3742 
3 1829 60 2334 3743 
3 2333 2199 2202 3745 
3 1461 2329 225 3748 
3 2199 2333 2335 3749 
3 62 192 60 3753 
3 2334 60 192 3755 
3 1829 54 60 3757 
3 2240 2339 2241 3766 
3 2304 2303 1750 3767 
3 226 2304 1750 3768 
3 2340 2302 2309 3769 
3 2240 2219 2239 3770 
3 2339 2240 2239 3774 
3 226 231 2304 3775 
3 1982 2245 2315 3779 
3 2220 2219 2240 3780 
3 2247 1983 2315 3781 
3 1983 2247 2077 3783 
3 2345 2339 2239 3787 
3 2245 2247 2315 3788 
3 1989 1985 1983 3789 
3 2322 1981 2347 3791 
3 2322 2347 2351 3797 
3 1427 1437 1837 3800 
3 1816 1836 1837 3814 
3 2361 231 395 3816 
3 1578 1596 2327 3817 
3 2327 1575 1578 3819 
3 2327 1255 1575 3820 
3 1894 1896 2361 3821 
3 231 2361 2304 3822 
3 1848 2362 2363 3823 
3 2046 2364 2361 3824 
3 1848 2363 1837 3825 
3 2345 2239 2253 3826 
3 1848 1837 1836 3827 
3 2364 2304 2361 3828 
3 2253 2327 2345 3829 
3 1427 2365 1436 3830 
3 1427 1837 2365 3831 
3 1837 2363 2365 3832 
3 2364 2305 2304 3834 
3 1895 1894 2361 3835 
3 2361 395 1895 3836 
3 2366 2289 2278 3837 
3 2367 2363 2368 3838 
3 104 2366 2369 3839 
3 2328 1982 2324 3840 
3 2324 2370 2371 3841 
3 104 105 2366 3842 
3 104 2369 296 3843 
3 2323 2370 2324 3845 
3 2372 2245 2328 3846 
3 2301 2369 2366 3847 
3 2278 2301 2366 3848 
3 2374 2324 2371 3850 
3 2378 2016 2140 3859 
3 2379 2380 2374 3860 
3 2207 2016 2129 3861 
3 138 296 2369 3862 
3 2301 138 2369 3863 
3 2381 2374 2382 3864 
3 2324 2374 2372 3865 
3 2383 138 2301 3866 
3 2374 2381 2372 3867 
3 2302 2340 2383 3868 
3 2372 2328 2324 3869 
3 2383 2301 2302 3870 
3 2386 138 2383 3872 
3 2382 2374 2387 3873 
3 2386 1435 138 3874 
3 2372 2388 2245 3876 
3 2340 2386 2383 3878 
3 2077 2247 2075 3881 
3 2081 2075 2391 3883 
3 2016 2378 2128 3884 
3 2392 2378 2140 3885 
3 2392 2140 2393 3886 
3 2394 2395 2246 3887 
3 2391 2075 2247 3889 
3 2395 2247 2246 3890 
3 2367 1436 2365 3894 
3 1655 1426 2401 3896 
3 2401 1426 1436 3897 
3 2085 2402 2403 3898 
3 2401 1436 2367 3899 
3 2085 2403 2404 3901 
3 2363 2367 2365 3902 
3 2403 2402 2407 3905 
3 2409 2403 2407 3908 
3 2368 2410 2367 3909 
3 2367 2410 2411 3910 
3 2085 2412 2402 3911 
3 2413 1848 1817 3912 
3 1820 2413 1817 3913 
3 2087 2414 2085 3914 
3 2413 2415 2362 3915 
3 2048 2364 2046 3916 
3 1820 1914 2413 3917 
3 2362 2415 2416 3918 
3 2048 2417 2364 3919 
3 2361 2047 2046 3920 
3 2361 1896 2047 3921 
3 2417 2048 2053 3922 
3 2418 2417 2053 3924 
3 2417 2420 2364 3928 
3 2417 2421 2420 3929 
3 2053 2061 2418 3933 
3 2363 2362 2416 3943 
3 2388 2246 2245 3952 
3 2413 2006 2415 3954 
3 2427 2428 2429 3956 
3 2388 2372 2381 3957 
3 2430 2431 2427 3959 
3 2429 2394 2246 3960 
3 2429 2432 2394 3961 
3 2413 2362 1848 3962 
3 2388 2429 2246 3964 
3 2429 2430 2427 3965 
3 2006 2413 1914 3967 
3 2416 2415 2006 3968 
3 2381 2430 2429 3969 
3 2416 2410 2368 3970 
3 2363 2416 2368 3971 
3 2088 2434 2435 3974 
3 2436 2435 2434 3975 
3 2429 2388 2381 3979 
3 2381 2382 2430 3980 
3 2430 2382 2387 3981 
3 2439 2440 2441 3984 
3 2387 2431 2430 3986 
3 2061 2088 2418 3993 
3 2435 2436 2418 3995 
3 2448 2449 2450 3997 
3 2088 2435 2418 3998 
3 2453 2454 2455 4003 
3 2327 1256 1255 4011 
3 2 1870 2457 4015 
3 1870 2460 2457 4016 
3 2005 2461 2006 4018 
3 2461 2416 2006 4019 
3 2462 2463 2464 4020 
3 2465 2466 2457 4021 
3 2461 2462 2467 4022 
3 1870 1871 2241 4024 
3 2461 2467 2468 4025 
3 2241 1871 1833 4026 
3 2469 2241 1833 4027 
3 2461 2468 2470 4028 
3 2461 2470 2410 4029 
3 2461 2410 2416 4030 
3 2411 2410 2470 4033 
3 2470 2468 2411 4035 
3 2474 2367 2411 4037 
3 2476 2477 2466 4045 
3 2478 2479 2477 4047 
3 2466 2477 2156 4050 
3 2479 2156 2477 4052 
3 1870 2241 2339 4059 
3 1870 2483 2460 4060 
3 2345 1870 2339 4061 
3 2483 1870 2345 4062 
3 1304 2484 2454 4063 
3 2460 2465 2457 4064 
3 2454 2453 1304 4065 
3 2485 2455 2454 4066 
3 2465 2483 2486 4067 
3 2455 2164 2487 4068 
3 2484 2485 2454 4069 
3 2460 2483 2465 4070 
3 2488 2164 2485 4071 
3 2453 687 1304 4072 
3 1001 1020 2453 4073 
3 1001 2453 2455 4075 
3 1020 687 2453 4076 
3 1001 2455 2487 4077 
3 1001 2487 1023 4078 
3 2164 2455 2485 4079 
3 2487 2164 2136 4080 
3 2281 2489 2280 4084 
3 2281 1735 1751 4085 
3 2284 2280 2489 4086 
3 2489 2303 2305 4087 
3 1750 2303 2489 4089 
3 1751 1750 2489 4090 
3 1751 2489 2281 4091 
3 2489 2420 2421 4092 
3 2420 2489 2305 4094 
3 2420 2305 2364 4095 
3 2421 2417 2491 4096 
3 2495 2496 2421 4102 
3 2499 2496 2297 4108 
3 2499 2297 2285 4109 
3 2285 2284 2499 4110 
3 2284 2489 2499 4112 
3 2499 2489 2421 4113 
3 2387 2502 2431 4115 
3 2421 2496 2499 4117 
3 2491 2417 2418 4119 
3 2491 2418 2436 4120 
3 279 2513 280 4136 
3 1918 2297 2516 4140 
3 2519 2513 2516 4143 
3 279 1924 1919 4144 
3 279 1919 2513 4148 
3 1919 1918 2513 4149 
3 2513 2519 280 4151 
3 280 2519 348 4154 
3 2540 2541 2294 4174 
3 2542 2294 2541 4175 
3 2308 2277 2294 4180 
3 2294 1772 1771 4182 
3 2308 2294 2542 4183 
3 2542 2544 2308 4185 
3 1923 2298 1918 4189 
3 1918 2298 2297 4190 
3 2296 2277 2308 4191 
3 2545 2309 2308 4193 
3 2516 2513 1918 4194 
3 2547 2434 2548 4196 
3 2548 2549 2547 4197 
3 346 2547 2549 4199 
3 2548 352 2549 4208 
3 2548 2403 2553 4211 
3 2548 2553 352 4214 
3 2556 348 2519 4216 
3 2495 2519 2516 4218 
3 2495 2558 2519 4219 
3 2495 2297 2496 4221 
3 2297 2495 2516 4222 
3 2549 352 346 4223 
3 2421 2491 2436 4225 
3 348 2556 346 4227 
3 2409 352 2553 4228 
3 2403 2409 2553 4231 
3 352 2409 353 4232 
3 2561 353 2409 4234 
3 2407 2562 2409 4235 
3 1666 1173 1130 4247 
3 1170 1666 1130 4248 
3 615 353 2561 4250 
3 2166 2488 2141 4252 
3 2391 2243 2081 4254 
3 2243 969 2081 4256 
3 2488 2484 2141 4258 
3 2484 2488 2485 4259 
3 956 969 2243 4260 
3 2391 2247 2243 4261 
3 2488 2166 2137 4262 
3 2164 2488 2137 4263 
3 2139 2166 2141 4267 
3 2139 2142 2576 4272 
3 2407 2402 2412 4273 
3 2412 2085 2414 4274 
3 2576 2140 2139 4276 
3 2393 2140 2576 4277 
3 2404 2434 2088 4278 
3 2088 2085 2404 4281 
3 2395 2394 2243 4282 
3 2404 2403 2548 4283 
3 2243 2247 2395 4284 
3 2548 2434 2404 4285 
3 2088 2086 2085 4286 
3 2427 2431 2578 4288 
3 2429 825 2432 4290 
3 2429 2428 825 4291 
3 2432 827 2580 4293 
3 2427 2578 2428 4298 
3 2428 2578 1032 4300 
3 2432 2580 2394 4303 
3 2580 827 826 4306 
3 2580 961 2394 4309 
3 827 2432 825 4311 
3 2428 1032 962 4313 
3 962 825 2428 4315 
3 961 2243 2394 4316 
3 826 961 2580 4318 
3 2578 2596 1032 4325 
3 2603 615 2561 4339 
3 2604 2466 2465 4340 
3 2604 2465 2605 4341 
3 2141 2606 2142 4342 
3 1666 2142 2606 4343 
3 2605 2607 2604 4344 
3 2606 1173 1666 4345 
3 1666 2576 2142 4346 
3 2486 2605 2465 4347 
3 1666 2608 2576 4348 
3 1304 2609 2484 4349 
3 2610 2603 2561 4350 
3 2141 2484 2606 4351 
3 2409 2562 2561 4352 
3 2609 2606 2484 4353 
3 2612 1173 2609 4357 
3 2612 1174 1173 4359 
3 2609 1173 2606 4361 
3 1304 2612 2609 4365 
3 1174 1304 1177 4366 
3 1174 2612 1304 4369 
3 2322 2351 2617 4375 
3 2351 2347 2619 4379 
3 2623 2624 2466 4386 
3 1666 1586 2625 4387 
3 2476 2466 2624 4388 
3 2407 2412 2626 4389 
3 2626 2627 2407 4390 
3 2628 2623 2604 4391 
3 2630 2631 2610 4393 
3 2561 2630 2610 4396 
3 2562 2630 2561 4398 
3 2617 2323 2322 4401 
3 2633 2625 1671 4402 
3 2624 2478 2476 4403 
3 2477 2476 2478 4404 
3 888 2603 2634 4405 
3 888 615 2603 4406 
3 2625 1586 1671 4408 
3 2636 2637 2638 4410 
3 2634 2603 2631 4411 
3 888 2634 2639 4412 
3 2640 899 888 4413 
3 2640 888 2639 4414 
3 2393 2576 2608 4416 
3 2608 2642 2393 4418 
3 2643 2642 2636 4419 
3 2440 2128 2392 4420 
3 2378 2392 2128 4421 
3 2640 2644 899 4422 
3 2466 2604 2623 4423 
3 2624 2623 2628 4425 
3 2643 2440 2392 4426 
3 2624 2628 2647 4429 
3 2647 2648 2624 4430 
3 2649 2648 2647 4431 
3 2648 2478 2624 4434 
3 2370 2650 2651 4435 
3 2371 2651 2379 4441 
3 2651 2371 2370 4442 
3 2374 2371 2379 4443 
3 2607 2628 2604 4450 
3 2628 2607 2649 4452 
3 2649 2647 2628 4454 
3 2657 2483 2345 4455 
3 2345 2327 2657 4456 
3 2483 2657 2486 4457 
3 2657 2327 1596 4458 
3 2657 1596 2486 4459 
3 2658 2659 2630 4460 
3 2562 2660 2630 4461 
3 1596 1593 2486 4462 
3 2630 2660 2658 4464 
3 2392 2393 2642 4465 
3 2642 2637 2636 4466 
3 2642 2608 2637 4467 
3 2642 2643 2392 4468 
3 1671 1534 1803 4476 
3 1670 1534 1671 4477 
3 1671 2667 2633 4483 
3 2627 2660 2562 4484 
3 2627 2562 2407 4485 
3 1671 2638 2667 4486 
3 2637 2667 2638 4489 
3 2087 2161 2414 4497 
3 2161 2673 2412 4498 
3 2161 2674 2673 4499 
3 2449 2675 2676 4500 
3 2161 427 2674 4501 
3 2674 2677 2673 4502 
3 2678 2676 2675 4503 
3 2673 2677 2626 4504 
3 2449 2679 2675 4505 
3 2674 441 2677 4506 
3 2638 2678 2675 4507 
3 2673 2626 2412 4508 
3 2441 2440 2643 4509 
3 2160 2256 2161 4510 
3 2412 2414 2161 4511 
3 2675 2643 2638 4512 
3 2643 2636 2638 4514 
3 2679 2441 2675 4515 
3 2441 2643 2675 4517 
3 2683 2678 2638 4519 
3 2637 2608 2684 4522 
3 1666 2684 2608 4523 
3 2684 2633 2667 4524 
3 2667 2637 2684 4525 
3 2684 2625 2633 4526 
3 1666 2625 2684 4527 
3 2685 2686 2687 4529 
3 1275 2688 2689 4530 
3 2688 2686 2685 4531 
3 1275 2686 2688 4532 
3 2692 2686 1275 4535 
3 1033 2692 392 4538 
3 2689 1866 1276 4539 
3 389 392 1275 4540 
3 1275 392 2692 4542 
3 2692 1034 2686 4543 
3 1033 1034 2692 4544 
3 1275 2689 1276 4545 
3 2694 2695 1865 4547 
3 2694 1865 2688 4550 
3 2700 2695 2694 4551 
3 2700 2694 2688 4552 
3 2685 2700 2688 4553 
3 2685 2701 2700 4554 
3 1337 1866 1865 4555 
3 2695 1340 1865 4556 
3 1865 1866 2689 4557 
3 1865 2689 2688 4558 
3 2695 2015 1340 4559 
3 2165 2700 2701 4561 
3 1188 2702 1189 4562 
3 2687 2701 2685 4563 
3 2686 2702 2687 4565 
3 2135 2165 2701 4566 
3 2137 2166 2165 4567 
3 2135 2137 2165 4569 
3 2701 2687 2135 4570 
3 2135 2704 2136 4571 
3 2704 2487 2136 4572 
3 1188 2704 2702 4573 
3 1188 1023 2704 4576 
3 2702 1034 1189 4579 
3 2687 2702 2704 4581 
3 2686 1034 2702 4583 
3 2135 2687 2704 4585 
3 2165 2016 2700 4586 
3 2015 2695 2700 4587 
3 2016 2015 2700 4588 
3 935 936 937 4589 
3 2707 2708 1854 4591 
3 936 899 2644 4592 
3 1854 1988 2707 4593 
3 2709 2326 2710 4594 
3 2712 1859 2708 4596 
3 2710 2707 2713 4597 
3 2714 938 936 4598 
3 936 2644 2714 4599 
3 2326 2712 2710 4602 
3 2716 2208 2129 4603 
3 1988 2174 2707 4604 
3 2712 2707 2710 4605 
3 2556 2519 2558 4607 
3 2558 2718 2547 4609 
3 2719 2387 2380 4610 
3 2436 2547 2718 4611 
3 2387 2374 2380 4612 
3 346 2558 2547 4613 
3 2436 2434 2547 4615 
3 2721 2722 2719 4620 
3 2718 2421 2436 4623 
3 2556 2558 346 4627 
3 2718 2558 2495 4632 
3 2495 2421 2718 4633 
3 2256 427 2161 4636 
3 2486 1593 2605 4638 
3 2674 427 429 4639 
3 2605 1593 2730 4644 
3 429 441 2674 4646 
3 2733 2732 2601 4653 
3 1592 2730 1593 4658 
3 1732 2734 2735 4661 
3 2736 2735 96 4662 
3 1732 1733 2734 4665 
3 94 2735 2734 4666 
3 2467 2462 2464 4667 
3 2467 2464 2471 4671 
3 2464 2732 2738 4676 
3 2605 2730 2739 4677 
3 2740 2464 2738 4678 
3 94 96 2735 4679 
3 2739 2607 2605 4680 
3 2741 2738 2732 4681 
3 1592 2742 2730 4682 
3 2471 2464 2743 4683 
3 2273 2744 2276 4684 
3 2464 2740 2743 4685 
3 2745 1066 2746 4686 
3 2746 1066 2747 4687 
3 2748 2745 2746 4688 
3 2653 2733 2601 4689 
3 2744 1064 1066 4690 
3 1064 2744 2273 4691 
3 1066 2745 2744 4692 
3 2156 2479 2756 4702 
3 2757 2156 2756 4703 
3 2759 52 2751 4710 
3 2761 935 937 4713 
3 2653 2741 2733 4715 
3 2757 2756 2762 4716 
3 2766 2762 2767 4721 
3 2732 2733 2741 4724 
3 2740 2738 2741 4726 
3 2768 2653 2652 4728 
3 2769 2770 2722 4729 
3 2325 2156 2757 4730 
3 2332 2325 2766 4731 
3 2766 2325 2757 4732 
3 2757 2762 2766 4733 
3 2766 2767 2332 4735 
3 2741 2653 2773 4736 
3 2721 2769 2722 4738 
3 2332 2774 406 4739 
3 2474 2411 2775 4740 
3 2774 395 406 4741 
3 2777 2770 2769 4743 
3 1658 2778 1659 4744 
3 2779 2778 1658 4745 
3 2780 2770 2777 4746 
3 2780 2781 2770 4747 
3 2722 2770 2782 4748 
3 2474 1658 1655 4749 
3 2770 2781 2782 4750 
3 1657 1655 1658 4751 
3 2401 2474 1655 4753 
3 2784 2785 2786 4756 
3 2648 2787 2478 4760 
3 2478 2788 2479 4761 
3 2787 2788 2478 4762 
3 1658 2474 2779 4763 
3 2474 2401 2367 4764 
3 461 2789 2790 4765 
3 2788 2791 2479 4766 
3 2775 2779 2474 4767 
3 2479 2791 2792 4768 
3 2626 2677 2793 4769 
3 2793 2627 2626 4770 
3 2660 2789 2658 4771 
3 2660 2790 2789 4772 
3 461 771 2789 4773 
3 2792 2762 2756 4774 
3 2792 2756 2479 4775 
3 1661 1759 1757 4776 
3 1759 1659 2778 4777 
3 2794 1759 2795 4778 
3 2627 2790 2660 4779 
3 2795 1759 2778 4780 
3 2794 1757 1759 4781 
3 2779 2795 2778 4782 
3 2787 2796 2788 4783 
3 2788 2797 2791 4784 
3 2627 2793 2790 4785 
3 2792 2791 2798 4786 
3 2798 2791 2797 4787 
3 1758 1757 2794 4789 
3 2788 2796 2797 4790 
3 2794 2795 2800 4792 
3 1064 2273 1077 4793 
3 2795 2775 2800 4795 
3 2747 1066 1065 4796 
3 2779 2775 2795 4797 
3 1192 2747 1065 4799 
3 2802 2468 2743 4802 
3 2803 94 2734 4803 
3 2803 2804 94 4804 
3 2802 2411 2468 4806 
3 2677 441 455 4807 
3 2743 2805 2806 4808 
3 2741 2773 2740 4811 
3 2805 2740 2773 4816 
3 2773 2806 2805 4818 
3 2790 457 461 4820 
3 2802 2775 2411 4822 
3 2743 2468 2471 4824 
3 2790 2793 457 4825 
3 2793 2677 455 4827 
3 2775 2806 2800 4828 
3 2802 2743 2775 4829 
3 455 457 2793 4830 
3 2743 2806 2775 4831 
3 2740 2805 2743 4832 
3 2800 2806 2773 4835 
3 2814 2773 2653 4838 
3 2213 1830 2815 4842 
3 2005 2003 2214 4844 
3 2603 2610 2631 4848 
3 2631 2630 2659 4851 
3 2792 2798 2767 4853 
3 2767 2762 2792 4854 
3 2707 2712 2708 4855 
3 2822 2823 1900 4856 
3 2713 2707 2174 4857 
3 2713 2174 2716 4858 
3 1859 1854 2708 4859 
3 2796 2822 2797 4860 
3 2824 2709 2710 4861 
3 2326 1859 2712 4862 
3 2822 2825 2797 4863 
3 2716 2174 2173 4864 
3 2716 2173 2208 4865 
3 2797 2825 2798 4866 
3 2709 2826 2450 4867 
3 2679 2448 2441 4868 
3 2710 2713 2824 4869 
3 2827 2767 2798 4870 
3 2716 2129 2713 4871 
3 2826 2824 2448 4872 
3 2828 2829 2607 4873 
3 2448 2450 2826 4874 
3 2448 2824 2713 4875 
3 2439 2448 2713 4876 
3 2448 2679 2449 4877 
3 2739 2828 2607 4878 
3 2439 2441 2448 4879 
3 2713 2129 2439 4880 
3 2709 2824 2826 4881 
3 2208 2207 2129 4882 
3 2439 2128 2440 4883 
3 2829 2648 2649 4884 
3 2607 2829 2649 4885 
3 2829 2830 2648 4886 
3 2648 2830 2787 4887 
3 2830 2796 2787 4888 
3 2823 2831 1900 4889 
3 1900 2831 2828 4890 
3 2829 2831 2830 4891 
3 2829 2828 2831 4892 
3 2823 2796 2830 4893 
3 2831 2823 2830 4894 
3 2823 2822 2796 4895 
3 1900 2832 2833 4896 
3 2827 2825 1900 4897 
3 2774 2332 1900 4898 
3 2639 2714 2640 4899 
3 2714 2639 2634 4900 
3 2644 2640 2714 4901 
3 2631 2714 2634 4902 
3 2658 2836 2837 4908 
3 2714 2838 2839 4909 
3 2838 2840 2837 4910 
3 2840 2631 2659 4911 
3 2837 2839 2838 4912 
3 2714 2631 2840 4913 
3 2840 2838 2714 4914 
3 2840 2658 2837 4915 
3 2840 2659 2658 4916 
3 2815 1830 2334 4924 
3 2005 1914 2003 4927 
3 2213 2846 2214 4930 
3 2213 2815 2846 4932 
3 2846 2847 2214 4933 
3 2846 2848 2847 4934 
3 2849 2839 2837 4935 
3 2789 2850 2836 4936 
3 2836 2658 2789 4937 
3 938 2714 2851 4939 
3 2761 937 2852 4940 
3 2851 2852 937 4941 
3 2461 2214 2847 4942 
3 2852 2854 2761 4944 
3 2461 2005 2214 4945 
3 2334 2846 2815 4949 
3 2855 2848 2846 4950 
3 2784 2857 2785 4952 
3 2854 2852 2851 4957 
3 2851 2714 2839 4961 
3 2851 937 938 4962 
3 2803 2862 2804 4964 
3 2439 2129 2128 4965 
3 2785 2502 2786 4966 
3 2502 2722 2786 4967 
3 2502 2719 2722 4968 
3 2387 2719 2502 4970 
3 2487 2704 1023 4977 
3 2869 2870 2871 4978 
3 2804 2869 2871 4980 
3 2869 2862 2870 4981 
3 2880 2881 2271 4993 
3 2226 2881 2248 4995 
3 2248 2881 2882 4996 
3 2226 2225 2881 4997 
3 2881 2225 2271 4999 
3 2248 2803 2734 5000 
3 2734 1733 2248 5001 
3 2898 2899 2854 5021 
3 2854 2839 2898 5027 
3 2851 2839 2854 5028 
3 2903 2899 2898 5030 
3 2898 2839 2903 5032 
3 2545 2308 2544 5043 
3 1900 2828 2832 5051 
3 2785 2431 2502 5053 
3 2907 2833 2832 5055 
3 1900 2825 2822 5056 
3 2908 2463 2462 5057 
3 2909 2784 2786 5058 
3 2910 2911 2912 5060 
3 2908 2462 2461 5064 
3 2461 2847 2917 5065 
3 2908 2461 2919 5067 
3 2912 2909 2786 5068 
3 2912 2921 2909 5071 
3 2544 2922 2545 5072 
3 2922 2544 1823 5073 
3 2909 2921 2784 5074 
3 1822 2923 2922 5075 
3 1823 1822 2922 5076 
3 2924 2911 2925 5077 
3 2926 2919 2927 5078 
3 1822 2200 2923 5079 
3 2919 2461 2927 5080 
3 2200 2199 2335 5081 
3 2335 2928 2200 5082 
3 1937 1977 2930 5084 
3 2248 2882 2803 5085 
3 2921 2912 2924 5087 
3 2848 2931 2847 5088 
3 2932 2917 2847 5089 
3 2912 2911 2924 5091 
3 2932 2927 2917 5092 
3 2932 2847 2931 5093 
3 2921 2924 2925 5094 
3 2881 2880 2882 5111 
3 2880 2744 2745 5113 
3 2943 2944 2945 5120 
3 2848 2855 2931 5124 
3 2461 2917 2927 5128 
3 2910 2780 2947 5130 
3 2910 2912 2781 5131 
3 2910 2781 2780 5132 
3 2912 2782 2781 5133 
3 2722 2782 2786 5134 
3 2912 2786 2782 5135 
3 2271 2270 2880 5136 
3 2748 2880 2745 5137 
3 2270 2276 2744 5138 
3 2578 2431 2596 5139 
3 2596 2431 2785 5140 
3 2857 2596 2785 5141 
3 2744 2880 2270 5142 
3 2948 2784 2921 5143 
3 2596 2857 2948 5144 
3 2857 2784 2948 5145 
3 2948 1115 2596 5147 
3 2950 2463 2908 5150 
3 2919 2950 2908 5152 
3 2950 2952 2953 5153 
3 2882 2880 2748 5154 
3 2862 2869 2804 5155 
3 2596 1115 1081 5162 
3 2948 1116 1115 5165 
3 2596 1081 1032 5166 
3 2862 2803 2882 5181 
3 2962 2862 2882 5183 
3 2870 2862 2962 5186 
3 2870 2962 2963 5189 
3 2962 2965 2963 5193 
3 2923 2200 2969 5198 
3 2948 2921 2970 5199 
3 2200 2972 2969 5201 
3 2970 2921 2925 5202 
3 2972 2928 2973 5203 
3 2200 2928 2972 5204 
3 2928 2335 2333 5214 
3 1240 980 2975 5215 
3 980 974 2975 5216 
3 2970 2975 974 5217 
3 1116 2948 2970 5220 
3 974 1116 2970 5221 
3 2970 2925 2975 5222 
3 2804 95 94 5223 
3 53 95 63 5224 
3 2721 2719 2976 5225 
3 2977 2943 2978 5226 
3 192 2855 2334 5228 
3 1830 1829 2334 5232 
3 2767 2827 2332 5233 
3 192 207 2855 5240 
3 401 2855 207 5243 
3 2850 2849 2837 5247 
3 2334 2855 2846 5248 
3 2850 2984 2849 5249 
3 2850 771 2984 5251 
3 771 2850 2789 5257 
3 63 95 2804 5261 
3 2989 2978 2943 5263 
3 2837 2836 2850 5264 
3 2990 2839 2849 5266 
3 2903 2992 2899 5271 
3 2839 2990 2903 5273 
3 2944 2993 2945 5274 
3 2849 2984 2990 5275 
3 2903 2990 2984 5276 
3 2945 2989 2943 5277 
3 1764 1774 2993 5280 
3 63 2804 2871 5281 
3 63 2871 64 5283 
3 1850 2993 1774 5285 
3 1764 2993 1592 5286 
3 771 774 2984 5304 
3 67 64 3003 5305 
3 3003 202 67 5312 
3 191 202 207 5323 
3 774 835 3011 5324 
3 2984 774 3011 5326 
3 2827 2798 2825 5333 
3 1900 2332 2827 5335 
3 3028 3029 401 5369 
3 3030 1977 2977 5372 
3 2855 401 3029 5373 
3 3029 2931 2855 5374 
3 1977 3030 3031 5375 
3 3029 2932 2931 5377 
3 3032 2952 2950 5378 
3 3032 2950 2919 5379 
3 2930 1977 3031 5381 
3 3031 3034 3035 5383 
3 3030 2977 2978 5385 
3 3032 3037 2952 5387 
3 3032 2919 2926 5388 
3 3038 3037 3032 5391 
3 3032 2926 3038 5394 
3 3031 3030 3034 5396 
3 3038 3028 3040 5397 
3 3034 3041 3035 5398 
3 3038 2932 3028 5399 
3 3038 2927 2932 5400 
3 3038 2926 2927 5403 
3 3029 3028 2932 5407 
3 1893 1900 2833 5411 
3 2774 1900 1895 5412 
3 3011 2903 2984 5413 
3 3031 3044 2930 5414 
3 1895 395 2774 5417 
3 3047 834 833 5419 
3 834 3047 2992 5422 
3 3011 834 2992 5435 
3 3011 835 834 5437 
3 2903 3011 2992 5438 
3 3054 402 400 5440 
3 400 403 473 5444 
3 3059 473 474 5457 
3 179 2721 2976 5458 
3 2719 2380 2976 5460 
3 64 2871 3003 5470 
3 3066 202 3003 5471 
3 3069 3003 2871 5474 
3 3003 3069 3066 5477 
3 474 202 3066 5480 
3 2721 466 2769 5481 
3 3070 2945 3071 5482 
3 2945 2993 1850 5485 
3 3071 2945 1850 5489 
3 2545 3078 2309 5496 
3 3078 2545 2922 5497 
3 2309 3078 3079 5499 
3 3079 2340 2309 5500 
3 3081 3082 3083 5502 
3 3084 473 3059 5503 
3 3078 2922 3085 5504 
3 2923 2969 3086 5505 
3 3085 2922 3086 5506 
3 2922 2923 3086 5507 
3 3087 3059 474 5508 
3 474 3088 3087 5509 
3 474 207 202 5510 
3 3066 3088 474 5511 
3 3089 2777 1200 5512 
3 179 466 2721 5513 
3 474 473 472 5514 
3 466 2777 2769 5515 
3 1200 2777 466 5516 
3 179 380 466 5517 
3 466 467 1200 5518 
3 3089 1200 1201 5519 
3 3090 3091 3081 5520 
3 3092 3091 3093 5521 
3 3094 3092 3093 5522 
3 3095 1489 3096 5523 
3 3079 3085 3086 5524 
3 3085 3079 3078 5525 
3 3082 3081 3037 5530 
3 3102 3095 3103 5536 
3 3095 2340 3079 5537 
3 402 3054 3040 5538 
3 3037 3083 3082 5539 
3 3040 3028 402 5541 
3 3040 3037 3038 5544 
3 3037 3040 3083 5546 
3 3028 401 402 5548 
3 3040 3054 3083 5550 
3 2907 2977 1977 5572 
3 3114 2978 3070 5573 
3 3030 2978 3114 5575 
3 2828 2739 2730 5577 
3 2978 2989 3070 5578 
3 2828 2730 2742 5579 
3 3115 3116 2953 5580 
3 3070 2989 2945 5581 
3 2832 2828 2742 5582 
3 3116 2950 2953 5583 
3 2742 2944 2832 5584 
3 2464 2463 3116 5585 
3 2993 2944 2742 5586 
3 2732 3116 3117 5587 
3 3115 3117 3116 5589 
3 2742 1592 2993 5590 
3 2944 2907 2832 5596 
3 2944 2943 2907 5598 
3 2777 3120 2947 5599 
3 2777 2947 2780 5600 
3 2977 2907 2943 5601 
3 3116 2463 2950 5602 
3 1893 2833 1966 5605 
3 3117 2755 2732 5607 
3 3116 2732 2464 5608 
3 2748 2746 3121 5609 
3 3071 1850 1860 5610 
3 3071 1860 3122 5611 
3 2962 2748 2965 5612 
3 2911 2910 3123 5613 
3 1849 1860 1850 5614 
3 2750 2759 2751 5615 
3 2962 2882 2748 5616 
3 2759 2750 2755 5617 
3 2759 2755 3124 5619 
3 3126 2755 3117 5621 
3 3123 2925 2911 5627 
3 2748 3121 2965 5633 
3 2947 3129 3123 5634 
3 3130 2965 3121 5635 
3 2947 3131 3129 5636 
3 2910 2947 3123 5638 
3 2947 3120 3131 5640 
3 1192 2746 2747 5641 
3 3133 3122 3134 5646 
3 1192 3130 3121 5647 
3 3133 3071 3122 5648 
3 3121 2746 1192 5649 
3 3135 3123 3129 5650 
3 3071 3133 3070 5651 
3 1198 3136 1192 5652 
3 3133 3114 3070 5653 
3 3138 3126 3117 5658 
3 2953 2952 3138 5665 
3 2952 3037 3138 5667 
3 3081 3091 3138 5671 
3 3138 3037 3081 5672 
3 2386 1486 1435 5673 
3 3138 3091 3092 5676 
3 3117 3115 3138 5680 
3 3138 3115 2953 5682 
3 2833 2907 1968 5685 
3 2907 1977 1968 5686 
3 3144 488 51 5687 
3 2833 1968 1966 5688 
3 3124 3092 3094 5690 
3 3144 2759 3094 5691 
3 52 2759 3144 5693 
3 51 52 3144 5696 
3 3124 3094 2759 5699 
3 3092 3124 3138 5701 
3 2755 3126 3124 5703 
3 3138 3124 3126 5705 
3 3093 3144 3094 5706 
3 3150 3144 3093 5708 
3 3114 3034 3030 5734 
3 3041 3034 3166 5736 
3 3166 3114 3133 5738 
3 3166 3034 3114 5739 
3 1400 1371 1381 5772 
3 1373 1371 1400 5779 
3 261 252 1400 5791 
3 3188 261 1400 5793 
3 252 261 233 5795 
3 1400 1401 3188 5798 
3 1401 1404 264 5800 
3 264 3188 1401 5801 
3 262 3194 515 5803 
3 3194 264 3195 5806 
3 262 264 3194 5809 
3 264 260 261 5815 
3 3195 264 1406 5818 
3 1406 264 1404 5819 
3 264 261 3188 5821 
3 1662 1758 1654 5837 
3 3195 1648 671 5841 
3 671 3194 3195 5842 
3 3194 671 515 5844 
3 671 1648 1649 5847 
3 3195 1406 1648 5849 
3 1654 671 1649 5850 
3 1652 1660 1654 5852 
3 1660 1662 1654 5853 
3 3069 2871 2870 5854 
3 3134 3166 3133 5855 
3 3096 2386 2340 5856 
3 669 3204 675 5857 
3 3041 3205 3035 5858 
3 669 671 1654 5859 
3 3134 308 3166 5860 
3 1758 669 1654 5862 
3 3041 3166 308 5863 
3 3204 669 1758 5864 
3 3041 311 3205 5866 
3 2126 1937 2930 5913 
3 2120 2126 3224 5917 
3 2294 1771 487 5930 
3 3227 3066 3069 5931 
3 3227 3088 3066 5932 
3 2340 3095 3096 5934 
3 3228 1504 1489 5935 
3 3096 1486 2386 5936 
3 1489 1504 1490 5937 
3 1489 1486 3096 5938 
3 3229 3087 3227 5939 
3 3227 3087 3088 5940 
3 3232 2925 3123 5943 
3 3123 3135 3232 5946 
3 2975 2925 3232 5950 
3 3135 1240 3232 5952 
3 3224 2266 2120 5958 
3 2126 2930 3224 5960 
3 1241 3235 2736 5961 
3 1542 489 487 5962 
3 1241 3135 3235 5963 
3 1771 1542 487 5964 
3 3236 3144 3150 5966 
3 3135 1241 1240 5967 
3 1240 2975 3232 5968 
3 2294 488 3236 5969 
3 487 488 2294 5971 
3 3236 488 3144 5973 
3 3239 3131 3240 5975 
3 3129 3131 3239 5977 
3 3241 3129 3239 5978 
3 1691 3241 3239 5980 
3 1201 1206 3089 5984 
3 2777 3089 3120 5985 
3 1694 3240 1696 5986 
3 1690 1694 1696 5988 
3 3239 3240 1694 5991 
3 1694 1691 3239 5993 
3 3243 2969 2972 5996 
3 1702 3244 3241 5997 
3 3086 2969 3243 5998 
3 3241 3244 3135 5999 
3 3241 3135 3129 6001 
3 3241 1691 1702 6008 
3 1702 1731 3244 6009 
3 1702 1704 1731 6011 
3 3086 3243 3079 6013 
3 3243 3103 3095 6014 
3 3095 3249 3228 6017 
3 3235 3135 3244 6021 
3 3120 3089 1206 6022 
3 1206 3251 3120 6024 
3 1206 1205 3251 6025 
3 1242 1241 2736 6026 
3 2736 96 1242 6027 
3 3131 3251 3240 6029 
3 3131 3120 3251 6031 
3 3235 3244 1731 6037 
3 3044 3224 2930 6040 
3 3044 3255 3224 6041 
3 2266 3224 3255 6043 
3 1731 1704 1724 6044 
3 3031 3035 3044 6047 
3 1731 1732 3257 6048 
3 3257 1732 2735 6049 
3 3257 3235 1731 6050 
3 2267 2255 2157 6051 
3 3235 3257 2736 6052 
3 2735 2736 3257 6053 
3 2255 2267 3259 6055 
3 2266 3259 2267 6060 
3 428 427 2256 6067 
3 2370 2617 2650 6073 
3 3270 2351 2619 6079 
3 3270 3273 2617 6082 
3 3270 3275 3273 6086 
3 3273 2650 2617 6087 
3 2370 2323 2617 6089 
3 3079 3243 3095 6093 
3 2972 2973 3277 6098 
3 3087 3084 3059 6127 
3 3087 3229 3084 6129 
3 3285 3083 3286 6132 
3 3083 3090 3081 6133 
3 3285 3090 3083 6134 
3 3277 3282 3287 6137 
3 3243 2972 3277 6138 
3 473 3084 3288 6139 
3 3289 3290 3282 6140 
3 473 3288 3291 6141 
3 3292 3054 400 6142 
3 3054 3292 3083 6143 
3 3287 3102 3103 6144 
3 3083 3292 3293 6145 
3 3103 3243 3287 6146 
3 3294 3282 3290 6147 
3 3095 3294 3249 6148 
3 3291 400 473 6149 
3 3291 3292 400 6150 
3 3293 3292 3291 6151 
3 2294 3236 2540 6161 
3 3150 3295 2540 6162 
3 3295 3093 3296 6164 
3 3150 2540 3236 6165 
3 2870 2963 3297 6166 
3 2963 2965 3298 6167 
3 2870 3297 3069 6169 
3 3227 3069 3297 6172 
3 3229 3303 3304 6181 
3 3303 3229 3297 6184 
3 3297 2963 3303 6185 
3 3297 3229 3227 6186 
3 3303 2963 3298 6187 
3 3305 3303 3298 6188 
3 3312 443 428 6202 
3 3313 445 443 6204 
3 52 42 2752 6206 
3 2266 3255 3315 6208 
3 2752 2751 52 6209 
3 43 42 52 6210 
3 1014 1309 1015 6211 
3 3312 3316 443 6212 
3 1014 994 41 6213 
3 3313 443 3316 6215 
3 42 41 994 6216 
3 3259 3317 3312 6217 
3 3317 3315 3316 6218 
3 3312 2256 2255 6219 
3 3316 3312 3317 6220 
3 3259 3315 3317 6221 
3 3310 1017 2768 6226 
3 3318 2768 1017 6228 
3 3312 2255 3259 6229 
3 1017 1019 1132 6230 
3 3315 3259 2266 6231 
3 3312 428 2256 6233 
3 1017 1132 3320 6235 
3 1017 3320 3318 6236 
3 1132 1155 3320 6240 
3 3321 1205 1743 6242 
3 3318 3322 2768 6243 
3 3323 3044 3035 6245 
3 3251 1205 3321 6248 
3 1734 3240 3321 6249 
3 3044 3323 3255 6250 
3 3324 3315 3255 6251 
3 3325 675 3204 6252 
3 3324 3255 3323 6253 
3 2794 3204 1758 6254 
3 3324 3326 3315 6256 
3 2800 2773 3327 6258 
3 2773 2814 3327 6259 
3 3251 3321 3240 6260 
3 1205 224 1743 6262 
3 3325 1146 675 6263 
3 3240 1734 1696 6265 
3 3322 3325 3327 6267 
3 3321 1743 1734 6268 
3 3322 3327 2814 6269 
3 1751 1740 1743 6270 
3 1751 1743 226 6271 
3 2794 3327 3204 6272 
3 3323 3205 3329 6273 
3 3204 3327 3325 6274 
3 3205 3330 3329 6275 
3 3327 2794 2800 6277 
3 3325 1155 1146 6278 
3 3323 3035 3205 6279 
3 3323 3329 3324 6282 
3 3322 1155 3325 6283 
3 1155 3322 3320 6284 
3 3322 3318 3320 6285 
3 3331 3324 3329 6286 
3 224 226 1743 6287 
3 3322 2814 2653 6288 
3 3322 2653 2768 6289 
3 1014 51 489 6290 
3 51 1014 41 6291 
3 489 1542 1014 6293 
3 3293 3333 3083 6297 
3 3291 3288 3293 6298 
3 3095 3102 3294 6299 
3 3282 3294 3102 6300 
3 3287 3282 3102 6301 
3 3084 3334 3293 6302 
3 3243 3277 3287 6304 
3 3335 3293 3334 6305 
3 3229 3304 3337 6307 
3 3326 3316 3315 6311 
3 2351 3270 2617 6312 
3 3313 453 445 6314 
3 3331 3340 3326 6319 
3 3326 3324 3331 6321 
3 3303 3305 3304 6327 
3 3305 3343 3304 6328 
3 3229 3337 3084 6329 
3 3293 3288 3084 6331 
3 3334 3084 3337 6332 
3 3337 3344 3334 6333 
3 3304 3344 3337 6336 
3 3273 3275 3350 6343 
3 3275 3270 3274 6345 
3 3353 3350 3354 6347 
3 3355 3350 3346 6350 
3 3353 3273 3350 6354 
3 1192 3136 3130 6357 
3 319 3313 3357 6358 
3 3298 2965 3130 6359 
3 3357 3316 3326 6360 
3 1416 3136 1198 6361 
3 319 453 3313 6362 
3 3313 3316 3357 6363 
3 308 304 3041 6365 
3 3136 3361 3130 6366 
3 3041 304 311 6367 
3 310 3205 311 6368 
3 3361 3298 3130 6369 
3 310 3330 3205 6370 
3 3298 3361 3362 6371 
3 3136 3362 3361 6373 
3 310 303 3330 6374 
3 3305 3364 3365 6376 
3 585 453 319 6377 
3 3136 3366 3362 6378 
3 317 319 3357 6379 
3 1504 1667 1669 6395 
3 3095 3228 1489 6397 
3 3228 3249 3294 6398 
3 1667 3228 3294 6400 
3 1667 1504 3228 6401 
3 3366 1532 3362 6404 
3 1533 1532 1442 6406 
3 3364 3362 1532 6407 
3 3366 3136 1416 6408 
3 3366 1416 1532 6409 
3 3305 3298 3362 6412 
3 1416 1442 1532 6413 
3 3346 3350 3275 6417 
3 3343 3305 3365 6418 
3 3364 3305 3362 6419 
3 2651 2650 3387 6442 
3 3388 3273 3353 6447 
3 3388 2650 3273 6451 
3 2379 2651 3392 6465 
3 1544 1789 3393 6468 
3 3393 1531 1544 6469 
3 3394 3387 2650 6470 
3 3395 3394 3396 6471 
3 3388 3394 2650 6472 
3 3387 3397 2651 6473 
3 3304 3343 3344 6474 
3 3365 3393 3343 6475 
3 3394 3398 3396 6476 
3 3398 3353 3354 6477 
3 3393 1789 3399 6478 
3 3397 3387 3394 6479 
3 3393 3365 3364 6480 
3 3397 3394 3395 6481 
3 3394 3388 3353 6482 
3 3400 3396 3354 6483 
3 3354 3396 3398 6484 
3 3394 3353 3398 6485 
3 3393 1532 1531 6486 
3 3354 3401 3400 6487 
3 3364 1532 3393 6488 
3 3402 3333 3334 6490 
3 3334 3344 3402 6492 
3 3399 3402 3344 6493 
3 3399 3344 3393 6494 
3 3393 3344 3343 6495 
3 3333 3293 3335 6496 
3 3333 3335 3334 6497 
3 3392 2651 3397 6502 
3 3392 3397 3405 6503 
3 179 2976 3406 6505 
3 3392 3406 2379 6507 
3 2380 2379 3406 6509 
3 2976 2380 3406 6510 
3 178 179 3406 6512 
3 178 3406 3392 6513 
3 2541 2540 3295 6514 
3 1826 2542 2541 6515 
3 1826 2541 3295 6516 
3 3410 3295 3296 6526 
3 3150 3093 3295 6527 
3 3412 3395 3396 6531 
3 2326 3122 1860 6533 
3 3413 3122 2326 6535 
3 3134 3122 3413 6538 
3 3414 3134 3413 6539 
3 3395 1834 3397 6540 
3 308 3134 3414 6542 
3 3091 3410 3296 6553 
3 3289 3282 3415 6554 
3 308 3414 306 6555 
3 1784 3091 3285 6556 
3 1785 1784 3417 6557 
3 3290 1667 3294 6558 
3 3417 1792 1785 6559 
3 3091 3090 3285 6560 
3 1784 3285 3417 6563 
3 1684 3290 3289 6564 
3 3399 1789 1792 6566 
3 3290 1684 1667 6568 
3 3417 3285 3286 6569 
3 3413 2326 2709 6570 
3 3419 3414 3413 6571 
3 3419 3413 2709 6572 
3 3417 3399 1792 6573 
3 3289 1730 1684 6574 
3 3417 3333 3399 6575 
3 3402 3399 3333 6576 
3 3333 3417 3083 6578 
3 2709 2450 3419 6608 
3 3419 2450 3431 6617 
3 3435 306 3414 6624 
3 309 306 3435 6625 
3 3435 3414 3419 6626 
3 3431 3435 3419 6629 
3 3431 3439 3440 6635 
3 3431 3440 3435 6636 
3 3440 309 3435 6637 
3 3440 3441 3442 6639 
3 309 3440 3442 6640 
3 2450 2449 3431 6643 
3 2676 3431 2449 6647 
3 312 305 3446 6654 
3 302 305 312 6655 
3 3447 305 301 6656 
3 309 3447 301 6659 
3 3447 3456 3457 6671 
3 3457 3458 3459 6673 
3 3459 3447 3457 6675 
3 309 3442 3447 6678 
3 305 3447 3459 6679 
3 3465 3340 3331 6684 
3 3465 3331 3329 6686 
3 3330 3465 3329 6687 
3 303 312 3330 6693 
3 3330 312 3473 6712 
3 3473 3474 3465 6713 
3 3473 3475 3474 6714 
3 3330 3473 3465 6715 
3 1833 1834 3412 6742 
3 2469 1833 3412 6744 
3 2469 3412 2220 6745 
3 3400 2220 3412 6746 
3 1834 3395 3412 6747 
3 169 176 178 6749 
3 3405 3397 1834 6750 
3 3405 1834 178 6754 
3 1834 169 178 6756 
3 178 3392 3405 6758 
3 3355 2182 3494 6778 
3 3494 3350 3355 6780 
3 2210 3400 3401 6782 
3 3354 3494 3401 6783 
3 3354 3350 3494 6787 
3 3401 2188 2210 6789 
3 3401 3494 2182 6790 
3 3401 2182 2188 6791 
3 3083 3417 3286 6807 
3 1821 1823 1826 6809 
3 2544 2542 1826 6810 
3 1826 1823 2544 6812 
3 3410 3091 1784 6813 
3 3091 3296 3093 6814 
3 1784 1826 3410 6816 
3 1826 3295 3410 6818 
3 1067 762 770 6820 
3 1067 187 762 6822 
3 2221 2220 3400 6823 
3 3396 3400 3412 6824 
3 3500 342 3501 6825 
3 277 1924 279 6832 
3 2149 1924 2187 6834 
3 277 3500 1924 6836 
3 2210 2221 3400 6837 
3 277 342 3500 6838 
3 3501 2185 3500 6839 
3 2220 2241 2469 6840 
3 1924 3500 2187 6841 
3 2149 1921 1924 6842 
3 2187 3500 3505 6845 
3 3500 2185 3505 6847 
3 607 626 625 6848 
3 606 607 528 6849 
3 607 3506 528 6850 
3 607 625 3506 6851 
3 107 3507 108 6852 
3 3508 181 108 6853 
3 111 2272 2084 6857 
3 2084 2134 107 6858 
3 107 111 2084 6859 
3 107 2134 2185 6860 
3 3505 2150 2187 6861 
3 2150 3505 2185 6865 
3 107 2185 3507 6866 
3 3501 529 3511 6867 
3 3511 3508 3501 6876 
3 3501 3508 2185 6878 
3 2185 3508 3507 6879 
3 3357 3326 3340 6884 
3 3340 3474 317 6886 
3 317 3357 3340 6887 
3 3474 315 317 6888 
3 3474 3340 3465 6890 
3 3474 3475 315 6894 
3 3508 108 3507 6896 
3 762 175 634 6898 
3 181 3508 3517 6900 
3 174 636 175 6901 
3 174 3517 636 6904 
3 636 634 175 6905 
3 181 3517 174 6907 
3 3508 3511 3517 6914 
3 3501 342 529 6915 
3 3511 3518 3517 6916 
3 529 3518 3511 6917 
3 3518 529 528 6918 
3 3506 3518 528 6919 
3 3506 625 632 6920 
3 636 3518 3506 6921 
3 636 3517 3518 6922 
3 146 3475 3519 6923 
3 3519 312 3446 6925 
3 3446 305 3458 6929 
3 3519 3475 3473 6931 
3 3519 3473 312 6933 
3 3519 3446 3458 6934 
3 3457 34 3458 6938 
3 305 3459 3458 6940 
3 146 3519 147 6944 
3 3458 147 3519 6945 
3 150 148 147 6946 
3 3458 34 147 6947 
3 34 36 147 6948 
3 36 150 147 6955 
3 314 313 3529 6964 
3 1068 314 3529 6965 
3 3475 313 315 6967 
3 146 313 3475 6968 
3 1068 316 314 6971 
3 313 146 3529 6972 
3 146 148 3529 6973 
3 298 1068 3529 6991 
3 3529 297 298 6993 
3 3529 148 297 6994 
3 3506 632 636 7036 
3 1808 1809 3547 7055 
3 1809 1802 3547 7056 
3 3547 1802 3548 7057 
3 1671 1808 2638 7058 
3 1808 2683 2638 7059 
3 1671 1803 1808 7060 
3 3549 1808 3550 7061 
3 1808 3547 3550 7062 
3 3440 3549 3441 7065 
3 2683 3549 2676 7066 
3 3549 3440 3439 7067 
3 3549 3439 2676 7068 
3 2683 2676 2678 7069 
3 2676 3439 3431 7070 
3 1808 3549 2683 7071 
3 3549 3550 3441 7072 
3 3442 3441 3550 7073 
3 3550 3551 3442 7074 
3 3547 3551 3550 7075 
3 3547 3552 3551 7076 
3 2366 105 3555 7081 
3 2289 3555 2290 7082 
3 3555 2289 2366 7083 
3 35 3556 3555 7084 
3 105 35 3555 7085 
3 3548 2290 3555 7086 
3 1802 2290 3548 7087 
3 3552 3456 3551 7095 
3 3547 3548 3552 7096 
3 3548 3555 3552 7097 
3 3555 3556 3552 7098 
3 3457 3557 34 7099 
3 3557 3457 3456 7100 
3 3552 3557 3456 7101 
3 3456 3447 3442 7102 
3 3456 3442 3551 7103 
3 34 3557 35 7104 
3 35 3557 3556 7105 
3 3556 3557 3552 7106 
3 2974 2928 2333 7112 
3 2218 2333 2202 7113 
3 2218 2202 2216 7114 
3 2215 2216 2227 7115 
